id	num	neg|score	neg|p-value	neg|fdr	neg|rank	neg|goodsgrna	neg|lfc	pos|score	pos|p-value	pos|fdr	pos|rank	pos|goodsgrna	pos|lfc
PMPCB	5	2.721e-08	4.9505e-06	0.00099	1	4	-4.4769	0.47199	0.63035	0.999995	582	1	-4.4769
DDX27	5	1.9319e-07	4.9505e-06	0.00099	2	5	-4.7853	1.0	1.0	0.999995	1000	0	-4.7853
PSMD6	5	2.7462e-07	4.9505e-06	0.00099	3	5	-4.3464	0.99787	0.9979	0.999995	986	0	-4.3464
ORC6	4	5.584e-07	4.9505e-06	0.00099	4	4	-4.7794	1.0	1.0	0.999995	999	0	-4.7794
HARS	5	7.2685e-07	4.9505e-06	0.00099	5	5	-4.7221	1.0	1.0	0.999995	998	0	-4.7221
PSMB4	5	2.1014e-06	1.4851e-05	0.002122	6	5	-3.4927	0.99999	1.0	0.999995	997	0	-3.4927
UBA1	5	4.3803e-06	1.4851e-05	0.002122	7	4	-6.1155	0.9565	0.95699	0.999995	930	0	-6.1155
MASTL	4	5.1808e-05	0.00014356	0.017946	8	4	-4.7914	0.99995	0.99996	0.999995	996	0	-4.7914
VPS13D	5	0.00012736	0.0005198	0.057756	9	5	-2.8448	0.99974	0.99974	0.999995	994	0	-2.8448
MCM3	5	0.00016493	0.00071782	0.071782	10	4	-3.4746	0.85329	0.85937	0.999995	827	1	-3.4746
COQ4	5	0.00021017	0.00093564	0.082635	11	3	-3.3536	0.95605	0.95653	0.999995	929	0	-3.3536
NUP155	5	0.00023011	0.0010149	0.082635	12	4	-2.6518	0.96651	0.96684	0.999995	939	0	-2.6518
A630055G03RIK	5	0.00024438	0.0010743	0.082635	13	5	-2.5224	0.99976	0.99975	0.999995	995	0	-2.5224
GTF3C5	5	0.00035452	0.0015297	0.109264	14	4	-0.69968	0.60508	0.7413	0.999995	688	1	-0.69968
NIP7	5	0.00039048	0.001698	0.113201	15	4	-2.6864	0.87468	0.8768	0.999995	842	1	-2.6864
ERCC2	5	0.00054443	0.002401	0.144147	16	4	-1.3639	0.29788	0.49049	0.999995	464	1	-1.3639
IKBKAP	5	0.00055858	0.0024505	0.144147	17	4	-1.3925	0.91326	0.91364	0.999995	876	0	-1.3925
MRPS7	5	0.00065151	0.0028168	0.148775	18	5	-1.8262	0.99935	0.99942	0.999995	993	0	-1.8262
SEC24C	5	0.00065459	0.0028267	0.148775	19	5	-1.136	0.99935	0.99941	0.999995	992	0	-1.136
RABGGTA	5	0.00076457	0.0033119	0.155941	20	5	-2.9225	0.99841	0.99844	0.999995	988	0	-2.9225
TOP2A	5	0.00078505	0.0034307	0.155941	21	3	-3.3581	0.85562	0.8611	0.999995	829	1	-3.3581
MCMBP	4	0.00083221	0.0032129	0.155941	22	3	-3.1229	0.88187	0.88213	0.999995	852	0	-3.1229
MRPS18A	5	0.00084121	0.0037079	0.161214	23	3	-1.645	0.92787	0.92832	0.999995	895	0	-1.645
EIF3H	5	0.00088905	0.0039257	0.163573	24	4	-2.1999	0.95551	0.956	0.999995	927	0	-2.1999
BRF1	5	0.00096703	0.0041832	0.166984	25	5	-0.8483	0.99903	0.9991	0.999995	991	0	-0.8483
NARS2	5	0.0010842	0.0046287	0.167079	26	5	-1.2815	0.99892	0.999	0.999995	990	0	-1.2815
MKRN1	5	0.0010958	0.0046782	0.167079	27	4	-2.2084	0.98397	0.98394	0.999995	964	0	-2.2084
FECH	5	0.0014755	0.0063119	0.210396	28	5	-0.81121	0.99852	0.99858	0.999995	989	0	-0.81121
GLTSCR2	3	0.0015599	0.0043416	0.166984	29	2	-5.2485	0.8393	0.84064	0.999995	816	0	-5.2485
NME6	5	0.0016193	0.0069356	0.216739	30	4	-2.743	0.79174	0.81995	0.999995	781	1	-2.743
PRMT5	5	0.001719	0.0072921	0.217094	31	3	-1.3487	0.89111	0.89106	0.999995	856	1	-1.3487
KTI12	5	0.0017413	0.0073812	0.217094	32	5	-2.0286	0.99826	0.99829	0.999995	987	0	-2.0286
2610027L16RIK	5	0.0022026	0.0095297	0.261306	33	5	-1.6219	0.9978	0.99782	0.999995	985	0	-1.6219
MPHOSPH10	5	0.0022381	0.0096683	0.261306	34	5	-1.5504	0.99648	0.99655	0.999995	981	0	-1.5504
UBE2T	3	0.0025432	0.0069158	0.216739	35	3	-3.2284	0.98414	0.98423	0.999995	965	0	-3.2284
SOX2	5	0.0027198	0.011609	0.290223	36	3	-1.4451	0.58165	0.72229	0.999995	667	2	-1.4451
VMN1R143	2	0.00279	0.0056683	0.195459	37	2	-4.1726	0.99721	0.99723	0.999995	984	0	-4.1726
UROD	5	0.0029731	0.012649	0.3085	38	5	-2.6215	0.99703	0.99702	0.999995	983	0	-2.6215
RPL36A	4	0.0030722	0.011233	0.288017	39	3	-3.2929	0.66968	0.71245	0.999995	723	1	-3.2929
PALM	5	0.0032248	0.013866	0.330151	40	5	-1.5351	0.99678	0.99683	0.999995	982	0	-1.5351
SLC13A2	5	0.0036677	0.015569	0.362077	41	5	-0.99245	0.99633	0.99645	0.999995	980	0	-0.99245
TSC22D4	5	0.0038637	0.016431	0.368127	42	4	-2.9343	0.29376	0.48726	0.999995	460	1	-2.9343
CAR11	5	0.0041204	0.017262	0.368127	43	3	-2.7895	0.97163	0.9715	0.999995	947	0	-2.7895
GEMIN6	2	0.0041343	0.0083911	0.239745	44	2	-2.1705	0.99216	0.99175	0.999995	972	0	-2.1705
PLIN5	5	0.0041377	0.017302	0.368127	45	5	-1.0621	0.99586	0.99609	0.999995	979	0	-1.0621
DUT	5	0.0043488	0.018084	0.376753	46	2	-0.30608	0.49384	0.64843	0.999995	601	1	-0.30608
CDK11B	5	0.0045856	0.019035	0.388462	47	2	0.41925	0.19344	0.36695	0.986538	359	3	0.41925
MYO1G	5	0.0049435	0.020391	0.395373	48	5	-1.0024	0.99506	0.99527	0.999995	978	0	-1.0024
U2AF1L4	5	0.0050049	0.020559	0.395373	49	4	-1.3043	0.81287	0.83224	0.999995	794	1	-1.3043
LMLN	5	0.006645	0.02553	0.464536	50	4	-1.3283	0.94729	0.94758	0.999995	920	0	-1.3283
CPSF1	4	0.0073119	0.025302	0.464536	51	4	-1.4144	0.99269	0.99303	0.999995	973	0	-1.4144
KIF11	4	0.0073853	0.02555	0.464536	52	2	-0.057355	0.1946	0.34176	0.977861	361	2	-0.057355
S100PBP	5	0.0079746	0.029391	0.524841	53	4	-0.95891	0.99317	0.99292	0.999995	975	0	-0.95891
UCK1	5	0.0084493	0.030708	0.538735	54	3	-1.6887	0.163	0.32325	0.969336	321	1	-1.6887
SLC17A7	5	0.0086585	0.031262	0.539006	55	4	-1.8262	0.79391	0.82111	0.999995	782	1	-1.8262
RAD17	5	0.0091362	0.03245	0.550008	56	4	-1.1461	0.82236	0.83818	0.999995	804	1	-1.1461
2900026A02RIK	5	0.0095123	0.033371	0.550803	57	3	-2.3277	0.89538	0.89508	0.999995	864	1	-2.3277
BASP1	5	0.010206	0.035599	0.574178	58	3	-2.9047	0.9344	0.93506	0.999995	906	0	-2.9047
U2AF1	2	0.010428	0.020342	0.395373	59	1	-3.0047	0.55036	0.54949	0.999995	646	1	-3.0047
ARIH1	5	0.01049	0.036381	0.577479	60	4	-1.4062	0.87795	0.87965	0.999995	846	1	-1.4062
RPS4X	1	0.010564	0.010302	0.271105	61	1	-4.7948	0.98944	0.98955	0.999995	969	0	-4.7948
SMN1	5	0.011527	0.039292	0.604167	62	3	-1.0724	0.67401	0.76558	0.999995	726	1	-1.0724
KRR1	5	0.011771	0.040064	0.604167	63	4	-1.0342	0.85586	0.86126	0.999995	830	1	-1.0342
NPLOC4	5	0.011855	0.040292	0.604167	64	4	-1.0764	0.96683	0.9672	0.999995	940	0	-1.0764
TUBGCP4	5	0.012462	0.042025	0.604167	65	3	-0.62071	0.56243	0.70582	0.999995	656	1	-0.62071
MTIF2	5	0.012473	0.042045	0.604167	66	4	-1.7893	0.92126	0.92178	0.999995	886	0	-1.7893
LSM4	4	0.01266	0.042124	0.604167	67	3	-1.6479	0.82403	0.82489	0.999995	806	1	-1.6479
DCAF13	5	0.012947	0.043421	0.604167	68	3	-2.3002	0.26911	0.4679	0.999995	444	2	-2.3002
CHKA	5	0.012981	0.0435	0.604167	69	4	-1.0905	0.95918	0.95965	0.999995	932	0	-1.0905
VMN2R51	4	0.013005	0.043074	0.604167	70	3	-0.98639	0.74747	0.76261	0.999995	762	1	-0.98639
CCNI	4	0.013425	0.044322	0.607148	71	3	-1.6307	0.63906	0.69548	0.999995	707	1	-1.6307
XKR4	5	0.014051	0.0465	0.62	72	2	0.52597	0.15941	0.31786	0.969336	315	3	0.52597
ELP2	5	0.014655	0.048262	0.635031	73	3	-1.3201	0.98948	0.98935	0.999995	971	0	-1.3201
PTCD1	5	0.015027	0.049431	0.641957	74	3	-1.4216	0.36248	0.5432	0.999995	506	2	-1.4216
HIST1H2BF	1	0.016554	0.016767	0.368127	75	1	-5.5409	0.98345	0.98352	0.999995	963	0	-5.5409
UPF2	5	0.017139	0.055183	0.698521	76	3	-1.0959	0.16583	0.32745	0.969755	326	1	-1.0959
NCAM1	5	0.017444	0.056035	0.700433	77	4	-1.6195	0.2507	0.44619	0.999995	428	1	-1.6195
TAF1D	3	0.017925	0.045936	0.62	78	3	-2.0932	0.98208	0.98186	0.999995	962	0	-2.0932
PSMB3	2	0.018208	0.033599	0.550803	79	2	-1.2814	0.98179	0.98119	0.999995	961	0	-1.2814
PIF1	5	0.018487	0.058985	0.728212	80	4	-1.7665	0.97561	0.9754	0.999995	951	0	-1.7665
CUL2	5	0.0189	0.060025	0.732009	81	3	-0.91318	0.90411	0.90378	0.999995	869	0	-0.91318
PXMP4	5	0.019684	0.062064	0.745625	82	2	-0.26371	0.7303	0.78893	0.999995	752	1	-0.26371
TOMT	5	0.020393	0.064124	0.745625	83	4	-0.75533	0.42464	0.59265	0.999995	554	1	-0.75533
TOR1A	5	0.021136	0.066243	0.761258	84	4	-1.3771	0.34885	0.53154	0.999995	493	1	-1.3771
PPP2R5D	5	0.021847	0.068183	0.761258	85	4	-0.91537	0.4098	0.58053	0.999995	542	1	-0.91537
NCAPD3	4	0.022033	0.063668	0.745625	86	3	-0.93674	0.3929	0.53851	0.999995	531	1	-0.93674
CDCA3	5	0.022107	0.068847	0.761258	87	4	-0.87108	0.97802	0.97764	0.999995	954	0	-0.87108
GIMAP6	5	0.022211	0.069114	0.761258	88	3	-1.5829	0.32166	0.50985	0.999995	476	2	-1.5829
USP8	5	0.022743	0.070579	0.761258	89	3	-0.9628	0.21188	0.39263	0.987908	383	1	-0.9628
ZFP800	5	0.02277	0.070668	0.761258	90	3	-0.46505	0.53701	0.68452	0.999995	637	2	-0.46505
POLA2	5	0.022833	0.070797	0.761258	91	4	-0.77739	0.98838	0.9884	0.999995	967	0	-0.77739
COL4A1	5	0.023576	0.072718	0.773594	92	4	-1.7009	0.76053	0.80355	0.999995	768	1	-1.7009
RNF40	5	0.024934	0.076252	0.793342	93	4	-1.3959	0.97758	0.97727	0.999995	953	0	-1.3959
MTERFD1	5	0.025041	0.07653	0.793342	94	4	-0.96113	0.76192	0.80446	0.999995	769	1	-0.96113
COL11A2	5	0.025443	0.07745	0.793342	95	3	-1.4403	0.21293	0.39398	0.987908	385	2	-1.4403
PIGW	5	0.026053	0.079054	0.79853	96	4	-1.0901	0.60714	0.74207	0.999995	690	1	-1.0901
ADAM23	5	0.026458	0.080203	0.80203	97	4	-0.85651	0.97954	0.97921	0.999995	957	0	-0.85651
LAMP1	5	0.02713	0.082124	0.813107	98	4	-1.1213	0.84685	0.85459	0.999995	824	1	-1.1213
MRC2	5	0.028282	0.085203	0.835323	99	3	-1.305	0.91734	0.918	0.999995	881	0	-1.305
NCS1	4	0.028455	0.077748	0.793342	100	3	-1.2787	0.97803	0.97853	0.999995	955	0	-1.2787
VCL	5	0.0291	0.087411	0.848649	101	4	-1.15	0.62536	0.748	0.999995	700	1	-1.15
ZFP217	5	0.030142	0.090183	0.852076	102	4	-0.81541	0.98598	0.9859	0.999995	966	0	-0.81541
RELA	5	0.030714	0.091569	0.852076	103	4	-0.65784	0.99409	0.99397	0.999995	976	0	-0.65784
SLC25A19	5	0.030796	0.091698	0.852076	104	4	-0.38684	0.044387	0.12669	0.856001	141	1	-0.38684
GADD45GIP1	5	0.030816	0.091738	0.852076	105	3	-1.116	0.66977	0.76388	0.999995	724	1	-1.116
SPRN	5	0.031293	0.092876	0.852076	106	4	-0.90125	0.73448	0.7909	0.999995	754	1	-0.90125
APEX1	5	0.034756	0.10172	0.900158	107	2	0.10332	0.36133	0.54219	0.999995	503	2	0.10332
RSPH3B	2	0.034975	0.063193	0.745625	108	1	-2.2093	0.20226	0.2696	0.959473	370	1	-2.2093
DNAJC8	4	0.03581	0.0925	0.852076	109	3	-0.99249	0.21347	0.36004	0.985605	386	1	-0.99249
RPUSD2	5	0.036682	0.10683	0.915672	110	3	-1.6032	0.15779	0.31522	0.969336	311	2	-1.6032
OLFR1030	5	0.036809	0.10713	0.915672	111	2	0.31187	0.20129	0.37803	0.987908	367	3	0.31187
NPPC	5	0.03789	0.10978	0.922293	112	4	-1.5351	0.98945	0.98931	0.999995	970	0	-1.5351
IDI2	4	0.038236	0.097243	0.876059	113	3	-0.8723	0.59938	0.675	0.999995	684	1	-0.8723
TBK1	5	0.038368	0.11085	0.922293	114	4	-0.79429	0.86288	0.8668	0.999995	833	1	-0.79429
GM5538	5	0.038464	0.11112	0.922293	115	4	-0.53138	0.83981	0.84948	0.999995	818	1	-0.53138
ZFP28	5	0.038657	0.11163	0.922293	116	4	-0.42729	0.9743	0.97417	0.999995	950	0	-0.42729
MRPL16	5	0.038971	0.11252	0.922293	117	3	-1.1478	0.42043	0.58915	0.999995	547	2	-1.1478
NR2C2AP	4	0.039172	0.099233	0.886006	118	3	-0.93358	0.83847	0.83868	0.999995	814	1	-0.93358
SCAND1	5	0.040123	0.11534	0.936069	119	4	-0.75514	0.64386	0.75474	0.999995	709	1	-0.75514
EFNB3	5	0.04082	0.11732	0.936069	120	4	-1.2993	0.85493	0.86048	0.999995	828	1	-1.2993
MRPL53	5	0.041343	0.11882	0.936069	121	3	-1.2315	0.53418	0.68211	0.999995	633	1	-1.2315
ARFGAP1	5	0.041474	0.11917	0.936069	122	4	-0.62086	0.20101	0.3776	0.987908	366	1	-0.62086
MON1A	5	0.041549	0.11934	0.936069	123	2	0.36062	0.06624	0.17664	0.893092	182	3	0.36062
ZDHHC1	4	0.041625	0.10423	0.914322	124	3	-0.78667	0.62339	0.68756	0.999995	699	1	-0.78667
2310033P09RIK	5	0.041757	0.11982	0.936069	125	4	-1.7449	0.3687	0.54802	0.999995	513	1	-1.7449
NME3	5	0.042525	0.12184	0.94447	126	3	-0.55767	0.56579	0.70854	0.999995	659	1	-0.55767
CTNND1	5	0.043086	0.12339	0.949162	127	3	-1.2575	0.1814	0.34914	0.977861	347	2	-1.2575
A530032D15RIK	3	0.044097	0.10583	0.915672	128	1	0.24274	0.55216	0.58589	0.999995	648	1	0.24274
MN1	5	0.044507	0.12665	0.953266	129	2	-0.2151	0.18542	0.35501	0.985605	349	2	-0.2151
ACTR2	5	0.044537	0.1267	0.953266	130	4	-0.7691	0.99447	0.99446	0.999995	977	0	-0.7691
MRPL21	5	0.044643	0.12695	0.953266	131	4	-0.64655	0.91748	0.91814	0.999995	882	0	-0.64655
SIGLECG	5	0.045008	0.12774	0.953266	132	2	0.77576	0.038243	0.11101	0.81847	128	3	0.77576
PITPNM1	5	0.046919	0.13275	0.965182	133	4	-0.86508	0.87133	0.87366	0.999995	839	1	-0.86508
ZMIZ1	5	0.047592	0.13459	0.965182	134	4	-1.5397	0.81029	0.83056	0.999995	791	1	-1.5397
CYP1A1	5	0.048593	0.13709	0.965182	135	4	-0.61528	0.23325	0.42249	0.999545	409	1	-0.61528
SURF4	5	0.049101	0.13837	0.965182	136	2	0.1942	0.3487	0.53143	0.999995	492	2	0.1942
OLFR414	5	0.049274	0.13883	0.965182	137	4	-0.6004	0.76807	0.80758	0.999995	770	1	-0.6004
GLT8D2	5	0.049674	0.13989	0.965182	138	4	-0.56013	0.98853	0.98848	0.999995	968	0	-0.56013
ITGB7	5	0.050174	0.14113	0.965182	139	3	-1.6598	0.7829	0.81505	0.999995	776	1	-1.6598
THRAP3	5	0.050174	0.14113	0.965182	140	3	-1.8492	0.92435	0.92488	0.999995	892	0	-1.8492
SLC6A5	5	0.051063	0.14329	0.965182	141	4	-1.4363	0.63568	0.75166	0.999995	704	1	-1.4363
3110062M04RIK	5	0.051203	0.14365	0.965182	142	2	0.32259	0.17784	0.34417	0.977861	341	3	0.32259
KLK13	5	0.051716	0.14478	0.965182	143	3	-0.5302	0.091731	0.21743	0.913574	224	1	-0.5302
SEC61B	1	0.051732	0.052084	0.667746	144	1	-2.8193	0.94827	0.94855	0.999995	922	0	-2.8193
MAPK4	5	0.053952	0.15035	0.971789	145	3	-0.52707	0.74193	0.79441	0.999995	760	1	-0.52707
PRL2C3	2	0.054066	0.095965	0.872412	146	2	-0.98766	0.94593	0.94534	0.999995	918	0	-0.98766
HDAC10	5	0.054193	0.15075	0.971789	147	3	-0.76065	0.88096	0.8821	0.999995	849	1	-0.76065
MMP2	5	0.054323	0.15093	0.971789	148	3	-0.35115	0.12207	0.26268	0.959473	261	2	-0.35115
PRKCDBP	5	0.054354	0.15098	0.971789	149	3	-0.91331	0.94667	0.947	0.999995	919	0	-0.91331
GRAMD1C	5	0.054693	0.1516	0.971789	150	2	0.090752	0.045512	0.12929	0.860826	142	2	0.090752
OLFR1487	4	0.055858	0.13197	0.965182	151	2	-0.35649	0.32814	0.47415	0.999995	482	2	-0.35649
RBM18	5	0.05606	0.15376	0.977911	152	2	-0.33736	0.37282	0.55127	0.999995	515	2	-0.33736
FAM43A	5	0.058474	0.15756	0.982125	153	3	-1.3113	0.9682	0.96838	0.999995	944	0	-1.3113
RXRB	5	0.059318	0.15895	0.982125	154	3	-0.94146	0.46937	0.62826	0.999995	580	1	-0.94146
CCT6B	5	0.060037	0.16	0.982125	155	1	0.61533	0.068689	0.1805	0.893092	186	3	0.61533
WDR4	5	0.060426	0.16062	0.982125	156	3	-1.3499	0.46334	0.6227	0.999995	575	2	-1.3499
ZBTB39	5	0.061718	0.1627	0.982125	157	3	-0.8169	0.87581	0.87778	0.999995	843	1	-0.8169
ZWILCH	5	0.062108	0.16329	0.982125	158	3	-0.38013	0.97719	0.97691	0.999995	952	0	-0.38013
DCTN3	4	0.062503	0.14463	0.965182	159	3	-1.1906	0.90542	0.90416	0.999995	871	0	-1.1906
ESF1	5	0.06252	0.16401	0.982125	160	2	0.12747	0.56303	0.70624	0.999995	658	2	0.12747
PDE4A	5	0.063143	0.165	0.982172	161	2	-0.239	0.46514	0.62433	0.999995	576	2	-0.239
ADAM30	4	0.064179	0.14785	0.971789	162	3	-0.94078	0.50775	0.63222	0.999995	614	1	-0.94078
USP9X	5	0.065708	0.16908	0.999361	163	2	-0.1182	0.8046	0.82697	0.999995	787	1	-0.1182
OLFR53	3	0.066119	0.13703	0.965182	164	1	-0.25825	0.90893	0.90904	0.999995	874	0	-0.25825
TTF2	5	0.06668	0.17081	0.999361	165	3	-0.62518	0.8691	0.8719	0.999995	836	1	-0.62518
CCNB1	4	0.067759	0.15451	0.977911	166	3	-0.64676	0.94028	0.93938	0.999995	915	0	-0.64676
SSTR3	5	0.068321	0.17339	0.999361	167	3	-1.3386	0.66389	0.76185	0.999995	716	1	-1.3386
ACAA1A	5	0.068361	0.17342	0.999361	168	3	-0.56683	0.8664	0.86952	0.999995	834	1	-0.56683
IKZF4	5	0.069554	0.17557	0.999361	169	3	-0.58492	0.81528	0.83353	0.999995	796	1	-0.58492
HCFC1R1	3	0.070897	0.14367	0.965182	170	2	-1.4084	0.52881	0.56995	0.999995	628	1	-1.4084
GPR149	5	0.07328	0.1817	0.999361	171	3	-0.74393	0.025333	0.077906	0.805049	86	1	-0.74393
NPW	5	0.07328	0.1817	0.999361	172	3	-1.3564	0.82922	0.84257	0.999995	810	1	-1.3564
FOXC1	5	0.07328	0.1817	0.999361	173	3	-1.9462	0.95587	0.95632	0.999995	928	0	-1.9462
DVL2	5	0.074402	0.1834	0.999361	174	2	-0.02776	0.15921	0.31752	0.969336	314	2	-0.02776
PAPOLA	5	0.075299	0.18491	0.999361	175	3	-0.65847	0.96765	0.96799	0.999995	942	0	-0.65847
PFKM	5	0.075943	0.18586	0.999361	176	3	-0.56661	0.9074	0.90724	0.999995	873	0	-0.56661
1200016B10RIK	5	0.077184	0.18792	0.999361	177	2	0.12397	0.33723	0.52224	0.999995	485	2	0.12397
CCDC106	5	0.078036	0.18913	0.999361	178	3	-0.73568	0.00046434	0.0020347	0.616832	3	2	-0.73568
MCM3AP	5	0.078746	0.19032	0.999361	179	2	-0.34027	0.037971	0.11045	0.81847	127	2	-0.34027
FAM125A	5	0.078746	0.19032	0.999361	180	2	-0.9628	0.50057	0.65426	0.999995	606	2	-0.9628
EPHA10	5	0.078746	0.19032	0.999361	181	3	-0.70408	0.84563	0.85378	0.999995	822	1	-0.70408
B4GALT2	5	0.08032	0.19296	0.999361	182	3	-0.49384	0.060037	0.16409	0.893092	170	1	-0.49384
TMEM170	3	0.081023	0.15764	0.982125	183	1	0.21753	0.22199	0.341	0.977861	398	1	0.21753
OTP	5	0.084805	0.20037	0.999361	184	3	-0.84294	0.93883	0.93969	0.999995	914	0	-0.84294
ZFP157	5	0.085158	0.20092	0.999361	185	2	0.15057	0.13427	0.28077	0.959473	283	2	0.15057
PSMC3IP	5	0.085158	0.20092	0.999361	186	1	0.089953	0.9373	0.93817	0.999995	912	0	0.089953
CLTA	5	0.085272	0.20108	0.999361	187	2	-0.40525	0.95002	0.95011	0.999995	924	0	-0.40525
TRIM24	5	0.086571	0.20314	0.999361	188	3	-0.73665	0.97287	0.97271	0.999995	949	0	-0.73665
PDE6A	5	0.087724	0.20505	0.999361	189	3	-0.95273	0.46716	0.62617	0.999995	578	2	-0.95273
4833420G17RIK	5	0.088251	0.20603	0.999361	190	3	-1.1734	0.95837	0.95891	0.999995	931	0	-1.1734
6330409D20RIK	4	0.088589	0.19386	0.999361	191	3	-0.59835	0.94542	0.94454	0.999995	917	0	-0.59835
SALL3	5	0.089713	0.20858	0.999361	192	1	0.19433	0.33288	0.51855	0.999995	484	2	0.19433
ZFP334	5	0.089735	0.20862	0.999361	193	3	-0.82525	0.29459	0.48796	0.999995	462	1	-0.82525
XPO5	5	0.090589	0.21007	0.999361	194	3	-0.62813	0.53359	0.68158	0.999995	632	2	-0.62813
2310033E01RIK	5	0.091663	0.21188	0.999361	195	3	-1.187	0.15779	0.31522	0.969336	312	1	-1.187
DPH2	5	0.092202	0.2128	0.999361	196	3	-1.0687	0.97905	0.97866	0.999995	956	0	-1.0687
SAP30BP	5	0.092739	0.21364	0.999361	197	3	-0.62324	0.93278	0.93347	0.999995	903	0	-0.62324
PCM1	5	0.093318	0.21483	0.999361	198	3	-0.57813	0.63519	0.75144	0.999995	703	1	-0.57813
PTGER1	5	0.093987	0.21599	0.999361	199	3	-0.94282	0.18037	0.34775	0.977861	345	2	-0.94282
GINS3	4	0.094312	0.20432	0.999361	200	2	-1.3912	0.33906	0.48514	0.999995	487	1	-1.3912
LPCAT3	5	0.094489	0.21665	0.999361	201	2	-0.13615	0.62137	0.74678	0.999995	698	1	-0.13615
ETV1	2	0.095062	0.16363	0.982125	202	2	-0.48426	0.90494	0.90421	0.999995	870	0	-0.48426
EFHA1	5	0.095665	0.21855	0.999361	203	3	-0.91007	0.30024	0.49228	0.999995	466	2	-0.91007
OTOF	5	0.096246	0.21944	0.999361	204	3	-0.78956	0.92338	0.92376	0.999995	889	0	-0.78956
SH3PXD2B	5	0.097185	0.22087	0.999361	205	3	-0.43593	0.81947	0.8361	0.999995	800	1	-0.43593
ACOT12	5	0.097355	0.22123	0.999361	206	3	-0.62835	0.069554	0.18209	0.893092	187	2	-0.62835
OLFR993	4	0.098511	0.21143	0.999361	207	1	0.31706	0.10083	0.21653	0.913574	239	2	0.31706
NOV	5	0.099931	0.22531	0.999361	208	3	-1.15	0.0016326	0.0069554	0.689081	9	2	-1.15
SPEER4B	2	0.10079	0.17299	0.999361	209	2	-1.1874	0.89921	0.89812	0.999995	867	0	-1.1874
1500002O20RIK	4	0.10083	0.21587	0.999361	210	2	-0.70534	0.74279	0.75891	0.999995	761	1	-0.70534
RECQL5	5	0.10163	0.22746	0.999361	211	3	-0.71147	0.84268	0.8516	0.999995	819	1	-0.71147
PRTN3	5	0.10214	0.22803	0.999361	212	2	-0.00076149	0.015692	0.052144	0.805049	57	2	-0.00076149
MEPE	5	0.10277	0.22902	0.999361	213	3	-0.91026	0.41655	0.58611	0.999995	545	2	-0.91026
AXIN2	5	0.10283	0.22914	0.999361	214	2	0.41401	0.14348	0.29455	0.965395	296	3	0.41401
GEN1	5	0.10346	0.2302	0.999361	215	3	-0.62348	0.79483	0.82159	0.999995	784	1	-0.62348
CARF	5	0.10542	0.23326	0.999361	216	3	-0.73992	0.88016	0.88148	0.999995	848	1	-0.73992
TBC1D22B	5	0.10561	0.23355	0.999361	217	2	-0.24448	0.5153	0.66644	0.999995	619	2	-0.24448
CMTM1	5	0.10676	0.23542	0.999361	218	2	0.22713	0.40425	0.57581	0.999995	538	2	0.22713
MLLT6	5	0.10682	0.23553	0.999361	219	3	-1.0761	0.95968	0.96008	0.999995	933	0	-1.0761
YPEL2	3	0.10892	0.19538	0.999361	220	2	-0.96105	0.81711	0.81767	0.999995	798	0	-0.96105
NKX1-2	5	0.10976	0.23999	0.999361	221	3	-0.92256	0.92386	0.92424	0.999995	891	0	-0.92256
BRD8	5	0.10999	0.24023	0.999361	222	3	-0.83821	0.10008	0.23056	0.929675	236	2	-0.83821
LYPD3	5	0.11017	0.24051	0.999361	223	2	-0.39776	0.73523	0.79121	0.999995	756	1	-0.39776
TUSC1	5	0.11212	0.24333	0.999361	224	2	0.09006	0.2244	0.41078	0.994618	401	1	0.09006
CCDC60	5	0.11266	0.24421	0.999361	225	2	0.00060361	0.035956	0.10547	0.81847	123	2	0.00060361
RB1CC1	5	0.11346	0.24529	0.999361	226	3	-0.88152	0.35237	0.53464	0.999995	496	2	-0.88152
IRF5	5	0.11346	0.24529	0.999361	227	3	-0.65916	0.32304	0.51072	0.999995	479	2	-0.65916
METTL7A2	4	0.11404	0.23963	0.999361	228	2	-0.45446	0.93473	0.93398	0.999995	908	0	-0.45446
MIB1	5	0.11518	0.24771	0.999361	229	1	0.26066	0.42573	0.59344	0.999995	556	2	0.26066
BCL2L14	5	0.11527	0.24784	0.999361	230	3	-0.88553	0.36018	0.54112	0.999995	501	2	-0.88553
0610009O20RIK	5	0.11576	0.24854	0.999361	231	3	-0.70744	0.17986	0.34692	0.977861	344	1	-0.70744
OLFR1085	3	0.11638	0.20507	0.999361	232	2	-0.42292	0.60921	0.62801	0.999995	692	1	-0.42292
MOG	5	0.11805	0.25197	0.999361	233	3	-0.45932	0.074096	0.18942	0.893092	195	2	-0.45932
KLK1B26	4	0.11897	0.248	0.999361	234	2	-0.62195	0.82964	0.83003	0.999995	811	1	-0.62195
SLC26A1	5	0.11956	0.25417	0.999361	235	3	-0.78303	0.19345	0.36697	0.986538	360	2	-0.78303
CYP2J6	5	0.12059	0.25584	0.999361	236	3	-0.47869	0.92827	0.9287	0.999995	896	0	-0.47869
MAOB	5	0.12059	0.25584	0.999361	237	2	-0.27158	0.78338	0.81539	0.999995	777	1	-0.27158
5730409E04RIK	5	0.12059	0.25584	0.999361	238	2	-0.18784	0.065208	0.17506	0.893092	177	2	-0.18784
GOLGA2	5	0.12452	0.2619	0.999361	239	3	-0.51467	0.22795	0.41543	0.998244	404	1	-0.51467
LIME1	5	0.12495	0.26261	0.999361	240	3	-0.81052	0.70022	0.77585	0.999995	733	1	-0.81052
DSTYK	5	0.12571	0.26379	0.999361	241	3	-0.58159	0.93036	0.93072	0.999995	900	0	-0.58159
TEAD2	4	0.12579	0.26019	0.999361	242	3	-0.48839	0.98028	0.98069	0.999995	958	0	-0.48839
HUNK	5	0.12697	0.26574	0.999361	243	3	-0.68043	0.14489	0.29658	0.966056	299	2	-0.68043
G630090E17RIK	5	0.12982	0.27017	0.999361	244	2	-0.19326	0.88125	0.88235	0.999995	851	1	-0.19326
OLFR299	1	0.12993	0.13051	0.965182	245	1	-1.095	0.87007	0.87087	0.999995	838	0	-1.095
GHR	5	0.13038	0.2709	0.999361	246	2	0.22859	0.043337	0.12425	0.855695	136	2	0.22859
COQ2	5	0.13057	0.27115	0.999361	247	2	-0.40525	0.95217	0.95233	0.999995	926	0	-0.40525
FAM188A	5	0.13094	0.27183	0.999361	248	2	-0.24467	0.92945	0.92999	0.999995	897	0	-0.24467
GALNT4	5	0.13319	0.275	0.999361	249	2	0.0091025	0.78799	0.81785	0.999995	780	1	0.0091025
DCPS	5	0.1333	0.27525	0.999361	250	3	-0.62191	0.96946	0.96966	0.999995	945	0	-0.62191
TADA2A	5	0.13331	0.27525	0.999361	251	3	-0.8559	0.90243	0.90206	0.999995	868	0	-0.8559
CACNG3	5	0.13476	0.27768	0.999361	252	1	-0.17148	0.81315	0.83244	0.999995	795	1	-0.17148
D17H6S56E-3	5	0.13476	0.27768	0.999361	253	3	-0.54948	0.19462	0.36818	0.986538	362	2	-0.54948
4933408B17RIK	5	0.1358	0.27912	0.999361	254	3	-0.54593	0.87876	0.88038	0.999995	847	1	-0.54593
GPR35	5	0.13606	0.27964	0.999361	255	3	-0.63123	0.89175	0.89174	0.999995	857	1	-0.63123
DOCK4	5	0.1385	0.28359	0.999361	256	3	-0.35239	0.82016	0.83662	0.999995	802	1	-0.35239
PSMG2	5	0.13979	0.28574	0.999361	257	3	-0.5798	0.4951	0.64944	0.999995	602	1	-0.5798
RPAIN	5	0.13983	0.28583	0.999361	258	2	0.1317	0.0042353	0.017569	0.689081	22	2	0.1317
A230065H16RIK	5	0.14008	0.28617	0.999361	259	1	0.57017	0.13344	0.27935	0.959473	281	3	0.57017
SLC6A7	5	0.14247	0.28964	0.999361	260	3	-0.63964	0.43299	0.59884	0.999995	559	1	-0.63964
REEP2	5	0.14297	0.29036	0.999361	261	2	0.35742	0.21219	0.39298	0.987908	384	3	0.35742
SPAG5	5	0.14302	0.29045	0.999361	262	3	-0.45125	0.52163	0.6718	0.999995	623	2	-0.45125
ICMT	5	0.1431	0.29058	0.999361	263	2	-0.9628	0.93635	0.93711	0.999995	910	0	-0.9628
PROX2	5	0.14356	0.29124	0.999361	264	3	-0.6472	0.36643	0.54627	0.999995	510	2	-0.6472
EXOC2	5	0.14393	0.29181	0.999361	265	2	0.090265	0.60075	0.73827	0.999995	686	2	0.090265
TTC33	5	0.1441	0.29203	0.999361	266	3	-0.7715	0.70824	0.77941	0.999995	738	1	-0.7715
FAM185A	5	0.14478	0.29309	0.999361	267	3	-0.74055	0.20555	0.38401	0.987908	375	1	-0.74055
UGCG	3	0.14613	0.24376	0.999361	268	2	-0.63232	0.36189	0.47137	0.999995	505	1	-0.63232
FBXO32	5	0.14677	0.29599	0.999361	269	3	-0.39978	0.38958	0.56436	0.999995	529	2	-0.39978
GM8994	3	0.14686	0.24464	0.999361	270	2	-0.9359	0.69288	0.6974	0.999995	730	1	-0.9359
GPR160	3	0.14848	0.2466	0.999361	271	1	-0.1387	0.53511	0.57431	0.999995	634	1	-0.1387
GLRA3	5	0.14875	0.29885	0.999361	272	3	-0.53536	0.96534	0.96565	0.999995	938	0	-0.53536
UBASH3B	5	0.14969	0.30056	0.999361	273	3	-0.42703	0.36416	0.54456	0.999995	509	1	-0.42703
ITGB8	5	0.14969	0.30056	0.999361	274	1	0.13909	0.06727	0.17842	0.893092	184	2	0.13909
VPS18	5	0.15047	0.30183	0.999361	275	2	-0.19668	0.56092	0.70457	0.999995	655	2	-0.19668
SGPL1	5	0.1518	0.30386	0.999361	276	3	-0.46796	0.8229	0.83849	0.999995	805	1	-0.46796
DNAJB11	5	0.15208	0.3042	0.999361	277	1	0.51962	0.0067472	0.026975	0.700495	34	3	0.51962
PWWP2A	5	0.15264	0.305	0.999361	278	3	-0.84245	0.96803	0.96828	0.999995	943	0	-0.84245
METTL10	5	0.15351	0.3062	0.999361	279	2	0.14301	0.91569	0.91634	0.999995	878	0	0.14301
GM933	4	0.15516	0.29093	0.999361	280	2	0.10338	0.060024	0.14133	0.860826	169	2	0.10338
SETX	5	0.15573	0.3094	0.999361	281	3	-0.52576	0.92324	0.92358	0.999995	888	0	-0.52576
RWDD2A	5	0.15826	0.31286	0.999361	282	2	-0.019522	0.023197	0.072599	0.805049	82	2	-0.019522
MRPL24	5	0.16016	0.31603	0.999361	283	1	-0.03347	0.80783	0.82894	0.999995	790	1	-0.03347
BCR	5	0.16055	0.31664	0.999361	284	3	-0.68454	0.87196	0.87425	0.999995	840	1	-0.68454
ABHD3	5	0.16199	0.31884	0.999361	285	3	-0.41446	0.60319	0.74047	0.999995	687	2	-0.41446
APH1B	5	0.16205	0.31899	0.999361	286	1	0.13367	0.55158	0.69681	0.999995	647	2	0.13367
EVI5L	5	0.16253	0.31976	0.999361	287	2	0.58261	0.028108	0.085431	0.805049	99	3	0.58261
ANO3	5	0.16313	0.32067	0.999361	288	2	-0.040525	0.18635	0.35625	0.985605	351	1	-0.040525
OPRK1	5	0.16371	0.32165	0.999361	289	3	-0.50152	0.70374	0.77723	0.999995	735	1	-0.50152
MEP1A	5	0.16634	0.32548	0.999361	290	2	-0.16962	0.3905	0.56515	0.999995	530	2	-0.16962
LGALS3	5	0.16677	0.32619	0.999361	291	2	0.46584	0.16371	0.32442	0.969336	322	3	0.46584
EFNA5	5	0.16677	0.32619	0.999361	292	2	-0.12403	0.82044	0.83682	0.999995	803	1	-0.12403
ALOX8	5	0.16998	0.33062	0.999361	293	3	-0.59684	0.84926	0.85635	0.999995	826	1	-0.59684
OLFR597	4	0.17079	0.30731	0.999361	294	2	-0.35376	0.88773	0.88747	0.999995	854	0	-0.35376
3110079O15RIK	5	0.17115	0.33232	0.999361	295	3	-0.57566	0.094992	0.22291	0.91785	229	2	-0.57566
NAPG	5	0.1738	0.33607	0.999361	296	2	-0.39893	0.27135	0.46956	0.999995	445	2	-0.39893
AKR1B8	5	0.1752	0.33798	0.999361	297	3	-0.38974	0.46872	0.62759	0.999995	579	1	-0.38974
SPG20	5	0.17724	0.341	0.999361	298	3	-0.52043	0.17427	0.33911	0.977861	337	1	-0.52043
RND3	4	0.18057	0.31771	0.999361	299	2	-0.42061	0.028017	0.079045	0.805049	98	1	-0.42061
UROS	5	0.18207	0.348	0.999361	300	3	-0.62071	0.81878	0.83571	0.999995	799	1	-0.62071
SNX20	5	0.18285	0.34916	0.999361	301	2	1.2696	0.010746	0.038203	0.794807	45	3	1.2696
PDIA3	5	0.18388	0.35071	0.999361	302	2	-0.47926	0.18079	0.34841	0.977861	346	2	-0.47926
HELQ	5	0.18419	0.3512	0.999361	303	3	-0.56342	0.98148	0.98115	0.999995	960	0	-0.56342
USP54	5	0.18429	0.35128	0.999361	304	2	-0.16645	0.92997	0.93043	0.999995	898	0	-0.16645
MXRA8	5	0.1845	0.35158	0.999361	305	1	0.071596	0.017841	0.058045	0.805049	64	2	0.071596
GRHPR	5	0.1845	0.35158	0.999361	306	2	1.2158	0.001248	0.0054307	0.689081	7	3	1.2158
FBLIM1	5	0.18471	0.35186	0.999361	307	2	-0.13034	0.59036	0.72956	0.999995	674	1	-0.13034
FSCN1	5	0.18695	0.35521	0.999361	308	3	-1.4242	0.93659	0.93734	0.999995	911	0	-1.4242
SETDB2	5	0.18819	0.35701	0.999361	309	2	0.053603	0.03589	0.10526	0.81847	122	2	0.053603
FTSJ2	5	0.18911	0.35831	0.999361	310	1	-0.23472	0.23413	0.42381	0.999545	411	1	-0.23472
AGPAT1	5	0.19052	0.36057	0.999361	311	2	1.1448	0.018814	0.060668	0.805049	66	3	1.1448
PLCD3	5	0.19142	0.36199	0.999361	312	3	-0.63232	0.64481	0.75508	0.999995	711	1	-0.63232
LMBR1	5	0.19204	0.36293	0.999361	313	3	-0.50508	0.32121	0.50941	0.999995	475	2	-0.50508
RAPGEF5	4	0.19272	0.33055	0.999361	314	2	-0.52268	0.81584	0.81746	0.999995	797	1	-0.52268
RNF183	5	0.19371	0.36541	0.999361	315	2	0.19447	0.38384	0.56017	0.999995	524	2	0.19447
CSMD3	5	0.19371	0.36541	0.999361	316	2	-0.047064	0.59012	0.72934	0.999995	673	2	-0.047064
RAB3A	4	0.19438	0.33234	0.999361	317	1	-0.011085	0.046645	0.11575	0.826768	146	1	-0.011085
DNAJB5	5	0.19547	0.3677	0.999361	318	3	-0.6084	0.68948	0.77156	0.999995	728	1	-0.6084
GM949	4	0.19631	0.33425	0.999361	319	2	-0.64293	0.83936	0.83951	0.999995	817	1	-0.64293
AI836003	5	0.19681	0.36968	0.999361	320	2	-0.33571	0.050672	0.14255	0.860826	157	2	-0.33571
KCNK15	5	0.19782	0.37133	0.999361	321	3	-0.39992	0.61074	0.74325	0.999995	693	1	-0.39992
MPP7	5	0.19919	0.37335	0.999361	322	2	-0.065326	0.69097	0.77217	0.999995	729	1	-0.065326
NEU1	5	0.19971	0.37404	0.999361	323	3	-0.4403	0.81173	0.83154	0.999995	792	1	-0.4403
SCAF11	5	0.20193	0.37722	0.999361	324	3	-0.48955	0.70864	0.77956	0.999995	739	1	-0.48955
DDX43	5	0.20208	0.37745	0.999361	325	2	-0.188	0.53615	0.68367	0.999995	636	2	-0.188
PVRL2	5	0.20374	0.37978	0.999361	326	3	-0.45286	0.48839	0.64362	0.999995	598	2	-0.45286
TMEM161B	5	0.2042	0.38044	0.999361	327	2	0.14353	0.21726	0.40018	0.989772	392	2	0.14353
MTAP7	5	0.20511	0.38192	0.999361	328	3	-0.43402	0.93766	0.93852	0.999995	913	0	-0.43402
SLITRK2	5	0.20575	0.3829	0.999361	329	3	-0.43542	0.046486	0.13176	0.860826	144	2	-0.43542
VSX1	5	0.20832	0.3865	0.999361	330	3	-0.50219	0.21637	0.39885	0.989772	389	2	-0.50219
RYR2	5	0.2109	0.39004	0.999361	331	3	-0.3094	0.37695	0.55466	0.999995	519	2	-0.3094
ACAD10	5	0.21098	0.39023	0.999361	332	2	-0.19646	0.9477	0.94792	0.999995	921	0	-0.19646
LTV1	4	0.21202	0.35009	0.999361	333	2	0.31699	0.032715	0.0885	0.805049	112	2	0.31699
OXNAD1	5	0.21368	0.39384	0.999361	334	1	0.15654	0.17894	0.34566	0.977861	342	2	0.15654
H2-M5	5	0.21682	0.39855	0.999361	335	2	-0.073733	0.70966	0.78004	0.999995	740	1	-0.073733
GPR162	5	0.21806	0.4003	0.999361	336	3	-0.44715	0.94847	0.94868	0.999995	923	0	-0.44715
NUCB1	4	0.21819	0.35649	0.999361	337	2	-0.4443	0.98082	0.9813	0.999995	959	0	-0.4443
GSTM3	5	0.21852	0.40091	0.999361	338	2	-0.24297	0.88793	0.88819	0.999995	855	1	-0.24297
AW551984	5	0.22004	0.40334	0.999361	339	3	-0.37827	0.99309	0.99282	0.999995	974	0	-0.37827
OLFR1361	5	0.22036	0.40397	0.999361	340	3	-0.33368	0.97263	0.97237	0.999995	948	0	-0.33368
EIF2A	5	0.22039	0.404	0.999361	341	1	-0.17577	0.59355	0.73234	0.999995	679	1	-0.17577
CPXM1	5	0.22154	0.40559	0.999361	342	2	-0.21005	0.82453	0.83977	0.999995	807	1	-0.21005
ATPAF1	5	0.22283	0.40765	0.999361	343	2	-0.34027	0.30442	0.49557	0.999995	469	1	-0.34027
H2-M10.5	5	0.22284	0.40766	0.999361	344	3	-0.39904	0.5019	0.65531	0.999995	608	2	-0.39904
SYNE2	5	0.22327	0.4084	0.999361	345	2	0.67568	0.047667	0.13498	0.860826	148	3	0.67568
GM13178	5	0.224	0.40942	0.999361	346	3	-0.32494	0.80695	0.82838	0.999995	789	1	-0.32494
VMN1R57	1	0.22424	0.22386	0.999361	347	1	-1.0233	0.77576	0.77758	0.999995	774	0	-1.0233
GM4871	4	0.22433	0.3624	0.999361	348	1	0.60012	0.066026	0.15266	0.887549	181	3	0.60012
E030018B13RIK	5	0.2244	0.41003	0.999361	349	1	0.32058	0.13433	0.28085	0.959473	284	2	0.32058
FRMPD4	5	0.2244	0.41003	0.999361	350	2	-0.35356	0.30767	0.49816	0.999995	471	2	-0.35356
TRIM37	5	0.22483	0.41054	0.999361	351	3	-0.40923	0.36188	0.54264	0.999995	504	2	-0.40923
SMAP1	5	0.22522	0.41106	0.999361	352	2	0.65433	0.04857	0.13726	0.860826	150	3	0.65433
AGPAT9	4	0.22577	0.36389	0.999361	353	1	0.2955	0.11004	0.23307	0.936041	247	2	0.2955
KCTD16	5	0.22633	0.41265	0.999361	354	3	-0.33352	0.39715	0.57029	0.999995	533	2	-0.33352
OLFR44	4	0.22936	0.36756	0.999361	355	1	0.76493	0.011001	0.037025	0.794807	47	3	0.76493
LHFPL1	5	0.23196	0.42027	0.999361	356	2	0.33196	0.12315	0.26433	0.959473	265	3	0.33196
TSPAN11	4	0.23222	0.37041	0.999361	357	1	0.30402	0.41009	0.55646	0.999995	543	2	0.30402
TMEM42	5	0.23235	0.42084	0.999361	358	3	-0.37034	0.93328	0.93388	0.999995	904	0	-0.37034
MTMR10	5	0.23236	0.42085	0.999361	359	2	-0.23288	0.48429	0.64043	0.999995	595	1	-0.23288
CFD	5	0.23327	0.42211	0.999361	360	2	0.75721	0.020585	0.0655	0.805049	74	3	0.75721
BPIFB1	5	0.23438	0.42379	0.999361	361	3	-0.46146	0.25329	0.45003	0.999995	432	2	-0.46146
WDR44	5	0.23458	0.42412	0.999361	362	2	0.22169	0.39417	0.56809	0.999995	532	2	0.22169
SSBP4	5	0.23851	0.4275	0.999361	363	1	0.07253	0.12684	0.26972	0.959473	268	2	0.07253
SEP-04	5	0.23983	0.42852	0.999361	364	2	-0.3333	0.83224	0.84428	0.999995	812	1	-0.3333
D630023F18RIK	5	0.24158	0.42991	0.999361	365	1	0.16357	0.23764	0.42865	0.999995	414	2	0.16357
CPNE8	5	0.24158	0.42991	0.999361	366	1	0.46882	0.13546	0.28239	0.959473	285	3	0.46882
MYCBP	4	0.24218	0.38071	0.999361	367	1	0.27672	0.080646	0.18003	0.893092	208	2	0.27672
MSLNL	3	0.24434	0.36791	0.999361	368	2	-0.52226	0.93018	0.92982	0.999995	899	0	-0.52226
LAMB3	5	0.24511	0.43271	0.999361	369	2	0.099233	0.16063	0.31966	0.969336	317	2	0.099233
FRS3	5	0.24555	0.43309	0.999361	370	2	0.064219	0.079566	0.19786	0.898113	204	2	0.064219
ARPP19	2	0.246	0.29381	0.999361	371	1	-0.49365	0.63976	0.63754	0.999995	708	0	-0.49365
OLFR619	5	0.24666	0.43398	0.999361	372	2	-0.38111	0.33246	0.5182	0.999995	483	1	-0.38111
WDR41	5	0.24754	0.43483	0.999361	373	2	0.10895	0.35742	0.53881	0.999995	499	2	0.10895
ESYT2	5	0.2482	0.43524	0.999361	374	2	-0.40589	0.51355	0.66503	0.999995	618	2	-0.40589
HEXB	5	0.24983	0.43659	0.999361	375	1	0.27349	0.1385	0.28715	0.965395	287	2	0.27349
LRRC69	5	0.25415	0.4406	0.999361	376	1	-0.10906	0.42184	0.59022	0.999995	549	1	-0.10906
DCP1A	5	0.25573	0.44173	0.999361	377	2	-0.19724	0.50784	0.66027	0.999995	615	2	-0.19724
NR1D2	4	0.25942	0.39805	0.999361	378	2	-0.060162	0.36339	0.50928	0.999995	507	2	-0.060162
TAC4	4	0.26319	0.40234	0.999361	379	2	-0.33282	0.93445	0.93376	0.999995	907	0	-0.33282
OLFR971	4	0.26319	0.40234	0.999361	380	1	0.724	0.020889	0.063856	0.805049	77	3	0.724
OLFR654	5	0.2633	0.44841	0.999361	381	2	-0.13623	0.56913	0.71153	0.999995	661	1	-0.13623
MYH13	5	0.26485	0.44979	0.999361	382	2	0.14343	0.40883	0.57971	0.999995	541	2	0.14343
FZD4	5	0.26783	0.4522	0.999361	383	1	0.10283	0.40196	0.57383	0.999995	536	2	0.10283
CAR7	5	0.26952	0.45365	0.999361	384	1	0.50293	0.090662	0.21564	0.913574	222	3	0.50293
CRCT1	1	0.27042	0.27104	0.999361	385	1	-0.85435	0.72958	0.73109	0.999995	750	0	-0.85435
RXRA	5	0.2709	0.45478	0.999361	386	2	0.1624	0.93164	0.93225	0.999995	902	0	0.1624
AI314180	5	0.27122	0.455	0.999361	387	2	0.13327	0.16394	0.32473	0.969336	324	2	0.13327
CMPK1	4	0.27437	0.41332	0.999361	388	2	-0.30736	0.25763	0.40327	0.989772	435	1	-0.30736
RAVER1	5	0.27539	0.45827	0.999361	389	2	0.74936	0.040113	0.11572	0.826768	130	3	0.74936
ZFP869	5	0.27544	0.45828	0.999361	390	2	-0.11968	0.54819	0.69387	0.999995	645	1	-0.11968
SMARCB1	5	0.27674	0.45942	0.999361	391	2	-0.34376	0.93562	0.93645	0.999995	909	0	-0.34376
POU2F1	5	0.27786	0.4603	0.999361	392	2	-0.39683	0.83829	0.84854	0.999995	813	1	-0.39683
CRY1	5	0.27786	0.4603	0.999361	393	2	0.40838	0.21643	0.39893	0.989772	390	3	0.40838
ACBD3	5	0.28131	0.46308	0.999361	394	2	0.03185	0.81988	0.83638	0.999995	801	1	0.03185
PCDH7	5	0.28169	0.46338	0.999361	395	2	-0.076058	0.8449	0.85321	0.999995	821	1	-0.076058
CKM	5	0.28259	0.46422	0.999361	396	2	0.63797	0.090268	0.21501	0.913574	221	3	0.63797
PTMA	2	0.28299	0.32133	0.999361	397	1	-0.37389	0.50731	0.50929	0.999995	613	1	-0.37389
UBXN7	5	0.28381	0.46528	0.999361	398	1	0.28541	0.73636	0.7917	0.999995	758	1	0.28541
CD3D	5	0.28714	0.46838	0.999361	399	2	-0.16467	0.74814	0.7972	0.999995	763	1	-0.16467
ADAMTS16	5	0.28797	0.46907	0.999361	400	1	0.17693	0.11863	0.2574	0.959473	256	2	0.17693
FBXO2	5	0.28801	0.46911	0.999361	401	2	-0.4396	0.049627	0.13991	0.860826	154	2	-0.4396
SSH1	5	0.28846	0.46953	0.999361	402	2	-0.2711	0.87693	0.87887	0.999995	845	1	-0.2711
USP34	5	0.2888	0.46981	0.999361	403	1	-0.20294	0.66526	0.76237	0.999995	719	1	-0.20294
DYNC1LI1	4	0.29003	0.42994	0.999361	404	2	-0.39373	0.59098	0.67101	0.999995	675	1	-0.39373
4833442J19RIK	5	0.29046	0.47118	0.999361	405	1	0.93678	0.038375	0.11131	0.81847	129	3	0.93678
PRPS1L3	3	0.29062	0.41838	0.999361	406	1	-0.0050612	0.0055441	0.014767	0.689081	30	1	-0.0050612
PRAMEL6	5	0.29389	0.47386	0.999361	407	2	0.27364	0.19095	0.36307	0.985605	357	2	0.27364
SDC4	5	0.29525	0.47507	0.999361	408	2	0.14543	0.49858	0.65255	0.999995	604	2	0.14543
WDR83	5	0.29706	0.47627	0.999361	409	1	0.00096873	0.26187	0.46187	0.999995	441	2	0.00096873
XRN1	5	0.29707	0.47628	0.999361	410	2	0.1003	0.23939	0.43096	0.999995	417	2	0.1003
ZFP112	4	0.29856	0.4387	0.999361	411	1	1.0255	0.003279	0.012015	0.689081	15	3	1.0255
ALAS1	4	0.29856	0.4387	0.999361	412	1	0.21468	0.28835	0.43395	0.999995	454	2	0.21468
PPP1R3D	4	0.29856	0.4387	0.999361	413	1	-0.15695	0.88108	0.8815	0.999995	850	0	-0.15695
NUDT18	5	0.29956	0.47855	0.999361	414	2	-0.34197	0.91524	0.9157	0.999995	877	0	-0.34197
OLFR883	4	0.30075	0.44106	0.999361	415	2	-0.24951	0.61537	0.68316	0.999995	696	1	-0.24951
FBXO17	5	0.30115	0.47993	0.999361	416	2	0.38921	0.14104	0.29119	0.965395	290	3	0.38921
HIST1H2AA	5	0.30138	0.48016	0.999361	417	2	-0.27491	0.84624	0.85419	0.999995	823	1	-0.27491
LMO4	3	0.30148	0.42418	0.999361	418	1	-0.34968	0.70375	0.70696	0.999995	736	1	-0.34968
ZFP523	5	0.30434	0.48265	0.999361	419	2	-0.24511	0.29911	0.49141	0.999995	465	2	-0.24511
KCTD3	5	0.30798	0.48581	0.999361	420	2	0.11352	0.91807	0.91876	0.999995	883	0	0.11352
SPSB2	5	0.31117	0.48879	0.999361	421	2	-0.051941	0.66707	0.76296	0.999995	720	1	-0.051941
DIO3	5	0.31208	0.48956	0.999361	422	2	0.24377	0.80089	0.82486	0.999995	786	1	0.24377
MGAT1	5	0.31374	0.4909	0.999361	423	2	-0.1858	0.14194	0.29228	0.965395	292	2	-0.1858
GGT5	5	0.3139	0.49105	0.999361	424	2	-0.012797	0.9339	0.93459	0.999995	905	0	-0.012797
MYOD1	5	0.3171	0.49367	0.999361	425	2	-0.074457	0.61278	0.74402	0.999995	694	1	-0.074457
KLHL3	5	0.31735	0.49385	0.999361	426	1	0.37193	0.032315	0.096173	0.805049	111	4	0.37193
AR	5	0.31735	0.49385	0.999361	427	2	-0.31104	0.95032	0.95047	0.999995	925	0	-0.31104
PPFIA1	5	0.31735	0.49385	0.999361	428	1	0.26271	0.87343	0.87556	0.999995	841	1	0.26271
HOXA11	5	0.31824	0.49467	0.999361	429	2	-0.25306	0.96322	0.96355	0.999995	935	0	-0.25306
FREM1	5	0.32372	0.49932	0.999361	430	2	-0.22297	0.59258	0.73144	0.999995	677	2	-0.22297
SYT7	5	0.32441	0.49997	0.999361	431	2	0.74714	0.077052	0.19393	0.893667	201	3	0.74714
PGC	5	0.32486	0.50038	0.999361	432	2	-0.013243	0.47411	0.6321	0.999995	584	2	-0.013243
BHMT2	5	0.32614	0.50154	0.999361	433	1	-0.28218	0.72375	0.78584	0.999995	747	1	-0.28218
YTHDF2	4	0.32619	0.46765	0.999361	434	1	0.091588	0.52093	0.638	0.999995	621	1	0.091588
DMRT2	5	0.33168	0.506	0.999361	435	1	0.32282	0.25918	0.45827	0.999995	438	3	0.32282
CH25H	5	0.33425	0.50821	0.999361	436	2	0.11058	0.59953	0.73731	0.999995	685	2	0.11058
MYLK4	5	0.33443	0.50838	0.999361	437	1	0.20744	0.072409	0.18665	0.893092	192	2	0.20744
ZFP322A	5	0.33443	0.50838	0.999361	438	1	0.049694	0.37844	0.55589	0.999995	520	1	0.049694
PKP1	5	0.33585	0.50957	0.999361	439	2	0.27512	0.19136	0.36369	0.985605	358	2	0.27512
9430069I07RIK	2	0.33796	0.36318	0.999361	440	1	-0.33172	0.55937	0.55822	0.999995	654	1	-0.33172
ACOT13	5	0.33875	0.51222	0.999361	441	1	0.19405	0.42254	0.59087	0.999995	550	2	0.19405
SAMD9L	5	0.33875	0.51222	0.999361	442	2	-0.25204	0.96338	0.96367	0.999995	936	0	-0.25204
HTRA4	5	0.33875	0.51222	0.999361	443	1	-0.20674	0.28548	0.48075	0.999995	453	2	-0.20674
SUV420H2	5	0.33875	0.51222	0.999361	444	2	-0.37416	0.91704	0.91774	0.999995	880	0	-0.37416
FAM63A	5	0.33906	0.51258	0.999361	445	2	-0.22451	0.52967	0.67818	0.999995	630	2	-0.22451
H2-OB	5	0.3409	0.51403	0.999361	446	2	-0.31869	0.47914	0.63627	0.999995	590	1	-0.31869
OGDH	5	0.34227	0.5153	0.999361	447	2	-0.3698	0.65095	0.75714	0.999995	713	1	-0.3698
PLXNA4	5	0.34265	0.51561	0.999361	448	1	0.62425	0.098918	0.22897	0.929675	235	3	0.62425
FAM84B	5	0.34732	0.5195	0.999361	449	2	0.11254	0.73485	0.79105	0.999995	755	1	0.11254
STK31	5	0.34885	0.5208	0.999361	450	2	-0.093149	0.18172	0.34968	0.977861	348	2	-0.093149
SPESP1	5	0.35194	0.52369	0.999361	451	2	0.21662	0.52489	0.67453	0.999995	626	2	0.21662
ARHGAP22	5	0.35271	0.52446	0.999361	452	1	0.22178	0.15755	0.31489	0.969336	310	2	0.22178
SOD3	4	0.35338	0.49559	0.999361	453	2	-0.0024979	0.35864	0.50413	0.999995	500	2	-0.0024979
SNX4	5	0.35421	0.52574	0.999361	454	2	-0.23388	0.47501	0.63292	0.999995	585	2	-0.23388
HTR5B	5	0.35605	0.52725	0.999361	455	2	-0.30385	0.94269	0.94318	0.999995	916	0	-0.30385
GUCY2F	5	0.35697	0.52802	0.999361	456	2	-0.21246	0.24776	0.44224	0.999995	425	2	-0.21246
NRIP2	5	0.35807	0.52886	0.999361	457	2	0.026175	0.077015	0.19384	0.893667	200	2	0.026175
IRAK1	5	0.35807	0.52886	0.999361	458	1	-0.085181	0.30843	0.49882	0.999995	472	2	-0.085181
DLK2	5	0.35807	0.52886	0.999361	459	2	0.7212	0.055884	0.15474	0.887723	162	3	0.7212
DCAF12L2	5	0.35807	0.52886	0.999361	460	1	-0.095081	0.14681	0.29934	0.967758	301	1	-0.095081
CLIP1	5	0.35807	0.52886	0.999361	461	1	0.137	0.82736	0.84151	0.999995	808	1	0.137
PDE9A	5	0.36156	0.53215	0.999361	462	2	-0.19077	0.049623	0.1399	0.860826	153	2	-0.19077
TH	5	0.36386	0.53421	0.999361	463	2	0.35641	0.25883	0.45773	0.999995	437	3	0.35641
USP37	5	0.36568	0.53564	0.999361	464	1	0.042465	0.37918	0.5565	0.999995	522	1	0.042465
MRPL45	5	0.36799	0.53753	0.999361	465	2	-0.23922	0.66435	0.76205	0.999995	717	1	-0.23922
PDZD4	5	0.36937	0.5387	0.999361	466	2	0.25588	0.50586	0.65868	0.999995	611	2	0.25588
SIRT2	5	0.37029	0.53943	0.999361	467	2	-0.18125	0.003041	0.012995	0.689081	14	2	-0.18125
ILDR2	5	0.37098	0.54016	0.999361	468	2	0.082729	0.2455	0.43926	0.999995	422	2	0.082729
WISP2	5	0.37213	0.54101	0.999361	469	2	-0.35779	0.14201	0.29237	0.965395	293	2	-0.35779
ZFP12	5	0.37259	0.54146	0.999361	470	2	-0.23688	0.48883	0.64396	0.999995	599	2	-0.23688
HNRNPUL2	4	0.37458	0.51775	0.999361	471	2	-0.083498	0.24774	0.3938	0.987908	424	2	-0.083498
KLHL18	5	0.3758	0.54427	0.999361	472	2	-0.405	0.50696	0.6595	0.999995	612	2	-0.405
CAMK2N2	4	0.37717	0.52016	0.999361	473	2	-0.35626	0.82872	0.82916	0.999995	809	1	-0.35626
PRKCH	5	0.3804	0.54821	0.999361	474	2	0.10293	0.29211	0.48608	0.999995	458	2	0.10293
ZMYND10	5	0.38067	0.54844	0.999361	475	2	-0.0050421	0.10277	0.23403	0.936139	240	1	-0.0050421
BIRC6	5	0.38215	0.54972	0.999361	476	1	0.079102	0.90626	0.90598	0.999995	872	0	0.079102
TMEM106B	5	0.38292	0.55037	0.999361	477	2	0.52394	0.14302	0.29385	0.965395	295	3	0.52394
CYS1	5	0.38292	0.55037	0.999361	478	2	-0.9628	0.59249	0.73135	0.999995	676	1	-0.9628
2610002J02RIK	5	0.38363	0.55079	0.999361	479	1	0.08711	0.48365	0.6399	0.999995	594	1	0.08711
PSD2	5	0.38728	0.55361	0.999361	480	2	0.27403	0.35271	0.53501	0.999995	497	1	0.27403
4930511M11RIK	5	0.38958	0.55538	0.999361	481	2	0.59532	0.075881	0.19201	0.893092	198	3	0.59532
PRM2	5	0.3905	0.55626	0.999361	482	2	-0.18543	0.38215	0.55897	0.999995	523	1	-0.18543
ALX4	5	0.39646	0.56111	0.999361	483	2	0.37184	0.089673	0.2141	0.913574	220	3	0.37184
INSL5	2	0.39972	0.41362	0.999361	484	1	-0.053941	0.34574	0.37522	0.987908	490	1	-0.053941
PDILT	5	0.40045	0.56439	0.999361	485	1	0.49894	0.028942	0.08751	0.805049	100	4	0.49894
SLC1A1	5	0.40104	0.56478	0.999361	486	2	0.005543	0.3036	0.49503	0.999995	468	1	0.005543
2810008M24RIK	1	0.40111	0.40139	0.999361	487	0	-0.23313	0.59889	0.60039	0.999995	683	0	-0.23313
OLFR340	4	0.4036	0.54813	0.999361	488	2	-0.10712	0.20324	0.35007	0.977861	371	1	-0.10712
ANK	4	0.40361	0.54816	0.999361	489	1	-0.064708	0.59762	0.67402	0.999995	681	1	-0.064708
CCL11	2	0.40427	0.41738	0.999361	490	1	-0.38712	0.63793	0.63583	0.999995	705	0	-0.38712
LEO1	5	0.40448	0.56783	0.999361	491	2	-0.021746	0.75351	0.79979	0.999995	765	1	-0.021746
RBM45	5	0.40723	0.57052	0.999361	492	2	-0.20247	0.58269	0.72312	0.999995	670	2	-0.20247
SPINK10	5	0.4098	0.57265	0.999361	493	1	0.075842	0.16393	0.3247	0.969336	323	2	0.075842
FSTL4	5	0.4134	0.5759	0.999361	494	2	-0.27009	0.21465	0.39633	0.988358	388	2	-0.27009
GPR19	4	0.4136	0.559	0.999361	495	1	0.26797	0.46234	0.60974	0.999995	574	2	0.26797
MLF1	5	0.41478	0.57711	0.999361	496	2	-0.12774	0.63177	0.75018	0.999995	702	1	-0.12774
GSG1	5	0.41523	0.57746	0.999361	497	2	-0.065658	0.47903	0.63617	0.999995	589	2	-0.065658
NKX2-9	5	0.41523	0.57746	0.999361	498	2	-0.62067	0.96505	0.96542	0.999995	937	0	-0.62067
TNFSF11	5	0.41751	0.57931	0.999361	499	2	-0.016576	0.52163	0.6718	0.999995	622	2	-0.016576
OLFR1295	4	0.42115	0.56734	0.999361	500	1	-0.028078	0.52394	0.63927	0.999995	625	1	-0.028078
CHD3	5	0.42185	0.58288	0.999361	501	2	0.25264	0.051203	0.14381	0.860826	159	2	0.25264
SIX5	5	0.42276	0.58375	0.999361	502	2	-0.30295	0.89331	0.89321	0.999995	860	1	-0.30295
TRIML2	5	0.42324	0.58416	0.999361	503	2	-0.204	0.83892	0.84892	0.999995	815	1	-0.204
OLFR1427	5	0.42892	0.58864	0.999361	504	2	-0.25407	0.29541	0.48861	0.999995	463	1	-0.25407
AU022252	4	0.42915	0.57556	0.999361	505	2	-0.51267	0.75271	0.76634	0.999995	764	1	-0.51267
VMN2R101	4	0.43031	0.57685	0.999361	506	2	-0.3188	0.62003	0.68575	0.999995	697	1	-0.3188
OLFR1066	3	0.43115	0.49742	0.999361	507	1	0.37245	0.24405	0.36819	0.986538	421	2	0.37245
2010109A12RIK	2	0.43382	0.44259	0.999361	508	1	-0.496	0.86918	0.868	0.999995	837	0	-0.496
TUBA1B	2	0.43447	0.44304	0.999361	509	1	-0.19335	0.55328	0.55229	0.999995	649	1	-0.19335
FAM159B	4	0.43534	0.58239	0.999361	510	2	0.12116	0.27976	0.4254	0.999995	451	2	0.12116
DGKD	5	0.43597	0.59454	0.999361	511	2	-0.2482	0.28298	0.47845	0.999995	452	1	-0.2482
MAL2	4	0.43604	0.58299	0.999361	512	1	0.23416	0.22831	0.37454	0.987908	405	2	0.23416
ADAM26A	3	0.43985	0.50321	0.999361	513	1	0.21245	0.60817	0.62725	0.999995	691	1	0.21245
ABHD5	5	0.4409	0.59859	0.999361	514	2	0.074294	0.40516	0.57663	0.999995	540	2	0.074294
4933402E13RIK	4	0.44225	0.58617	0.999361	515	1	0.94115	0.0047037	0.016837	0.689081	24	3	0.94115
NFKB1	5	0.44346	0.60085	0.999361	516	2	0.44943	0.21058	0.39088	0.987908	382	3	0.44943
OLFR374	5	0.44466	0.60164	0.999361	517	1	0.29444	0.0048913	0.020144	0.689081	25	2	0.29444
OLAH	5	0.44618	0.60291	0.999361	518	2	0.28654	0.4239	0.59204	0.999995	551	2	0.28654
ENPP6	5	0.44799	0.60431	0.999361	519	2	0.14765	0.34411	0.52798	0.999995	489	2	0.14765
TMEM174	5	0.44844	0.60464	0.999361	520	2	0.10683	0.35117	0.53359	0.999995	495	2	0.10683
PHYHIP	5	0.45025	0.60623	0.999361	521	2	0.24972	0.1724	0.33663	0.977861	336	2	0.24972
MADCAM1	5	0.45161	0.60748	0.999361	522	2	-0.048605	0.26777	0.4668	0.999995	442	2	-0.048605
OLFR1065	1	0.45339	0.45341	0.999361	523	0	-0.10869	0.54661	0.54706	0.999995	643	0	-0.10869
NKX2-1	5	0.45344	0.60922	0.999361	524	1	-0.25837	0.7216	0.78502	0.999995	745	1	-0.25837
EPHX4	5	0.45546	0.61084	0.999361	525	2	-0.18766	0.32295	0.51068	0.999995	478	2	-0.18766
OSGIN2	5	0.45658	0.61166	0.999361	526	2	-0.14401	0.72992	0.78873	0.999995	751	1	-0.14401
SERPINA3I	3	0.45743	0.51449	0.999361	527	1	-0.254	0.93051	0.93007	0.999995	901	0	-0.254
SMAD6	5	0.45946	0.61397	0.999361	528	2	-0.14771	0.16063	0.31966	0.969336	318	1	-0.14771
OAS3	5	0.45946	0.61397	0.999361	529	1	0.44795	0.062108	0.16875	0.893092	174	2	0.44795
CCL19	1	0.46112	0.46096	0.999361	530	0	-0.05637	0.53888	0.53865	0.999995	639	0	-0.05637
OLFR746	2	0.46325	0.46736	0.999361	531	1	-0.1882	0.57115	0.5699	0.999995	662	1	-0.1882
ANKMY1	5	0.46379	0.61755	0.999361	532	2	-0.361	0.75827	0.80243	0.999995	766	1	-0.361
ABCC12	5	0.46603	0.61965	0.999361	533	2	0.35486	0.17627	0.34202	0.977861	340	3	0.35486
BEX4	4	0.46767	0.59697	0.999361	534	1	0.12542	0.45341	0.60104	0.999995	570	1	0.12542
6430598A04RIK	5	0.47003	0.62344	0.999361	535	1	0.36235	0.20225	0.37921	0.987908	369	3	0.36235
WBSCR17	5	0.47052	0.62383	0.999361	536	2	-0.4349	0.96248	0.96287	0.999995	934	0	-0.4349
VMN1R27	4	0.47092	0.59835	0.999361	537	1	1.0144	0.0085079	0.029183	0.700495	41	3	1.0144
HADH	3	0.47207	0.52369	0.999361	538	1	0.29081	0.75976	0.76084	0.999995	767	0	0.29081
DEPDC7	5	0.47232	0.62537	0.999361	539	2	-0.2623	0.17053	0.33393	0.977861	331	2	-0.2623
9530077C05RIK	5	0.4733	0.62635	0.999361	540	1	0.086001	0.19003	0.36157	0.985605	355	1	0.086001
TMEM101	5	0.47635	0.62895	0.999361	541	2	-0.22214	0.92352	0.92388	0.999995	890	0	-0.22214
DEFB8	1	0.47691	0.47704	0.999361	542	0	-0.060338	0.52309	0.52316	0.999995	624	0	-0.060338
SYT1	5	0.47814	0.63062	0.999361	543	2	-0.14476	0.26868	0.46761	0.999995	443	1	-0.14476
WDR26	5	0.47914	0.63137	0.999361	544	1	-0.084859	0.092739	0.21905	0.916546	225	2	-0.084859
KLHL8	5	0.47979	0.63191	0.999361	545	1	0.63338	0.032824	0.097411	0.805049	114	3	0.63338
RHOX10	5	0.48037	0.63246	0.999361	546	2	-0.23374	0.12207	0.26268	0.959473	260	1	-0.23374
TSC1	5	0.48043	0.6325	0.999361	547	2	-0.18789	0.27899	0.4754	0.999995	450	2	-0.18789
PLAGL2	5	0.48171	0.63358	0.999361	548	2	0.32313	0.25973	0.45893	0.999995	439	2	0.32313
RELL1	5	0.48416	0.63571	0.999361	549	2	0.039708	0.14586	0.29799	0.967484	300	1	0.039708
C3AR1	5	0.48661	0.63757	0.999361	550	2	0.19586	0.5545	0.69912	0.999995	650	1	0.19586
C1QTNF4	5	0.48685	0.63786	0.999361	551	1	0.17229	0.41934	0.58831	0.999995	546	2	0.17229
P2RX5	5	0.48705	0.63797	0.999361	552	2	0.058421	0.3634	0.54399	0.999995	508	2	0.058421
ELAVL3	5	0.48839	0.63917	0.999361	553	2	-0.14044	0.42071	0.58931	0.999995	548	2	-0.14044
VMN1R89	5	0.48928	0.64001	0.999361	554	2	-0.12269	0.89448	0.89429	0.999995	862	1	-0.12269
OLFR473	4	0.49116	0.60716	0.999361	555	1	0.6115	0.017624	0.056649	0.805049	63	2	0.6115
GM1574	5	0.49257	0.64306	0.999361	556	1	0.22759	0.24597	0.43986	0.999995	423	3	0.22759
SLC25A10	5	0.49394	0.64432	0.999361	557	2	-0.38076	0.7731	0.81002	0.999995	772	1	-0.38076
MTR	5	0.49415	0.64448	0.999361	558	2	-0.25225	0.80695	0.82838	0.999995	788	1	-0.25225
STARD13	5	0.49699	0.6472	0.999361	559	1	0.52911	0.018914	0.060896	0.805049	67	3	0.52911
RIT1	5	0.49704	0.64729	0.999361	560	2	0.95907	0.0075616	0.029332	0.700495	38	3	0.95907
VWA5A	5	0.49814	0.64831	0.999361	561	2	0.03228	0.89848	0.89796	0.999995	866	0	0.03228
NMRAL1	5	0.49918	0.64909	0.999361	562	1	0.48126	0.082619	0.20281	0.902174	209	3	0.48126
6330512M04RIK	5	0.49947	0.64933	0.999361	563	2	-0.024143	0.96751	0.96786	0.999995	941	0	-0.024143
R3HDML	5	0.49991	0.64976	0.999361	564	2	-0.38144	0.25085	0.44638	0.999995	429	2	-0.38144
LRRC46	5	0.50079	0.65053	0.999361	565	2	-0.059067	0.25307	0.44975	0.999995	430	2	-0.059067
ADRB3	5	0.50146	0.65109	0.999361	566	2	-0.34785	0.62883	0.74914	0.999995	701	1	-0.34785
PIH1D2	5	0.50256	0.65223	0.999361	567	2	0.37565	0.15913	0.31735	0.969336	313	3	0.37565
TMEM62	5	0.503	0.65259	0.999361	568	2	0.091116	0.48461	0.64058	0.999995	596	2	0.091116
CLTB	5	0.50511	0.65442	0.999361	569	1	0.041088	0.50828	0.66061	0.999995	616	2	0.041088
PTGES	5	0.50542	0.65468	0.999361	570	2	0.057472	0.67111	0.7644	0.999995	725	1	0.057472
ADAM26B	5	0.50916	0.65789	0.999361	571	2	0.17285	0.31494	0.5042	0.999995	474	2	0.17285
OLFR1188	5	0.50943	0.6581	0.999361	572	1	-0.059321	0.58227	0.72279	0.999995	669	2	-0.059321
CELF4	5	0.51136	0.65966	0.999361	573	2	1.1947	0.0042893	0.017817	0.689081	23	3	1.1947
ABHD16A	5	0.51495	0.66295	0.999361	574	2	-0.18092	0.48237	0.63885	0.999995	593	1	-0.18092
CASP14	5	0.51574	0.66356	0.999361	575	2	-0.19668	0.38384	0.56017	0.999995	525	2	-0.19668
JDP2	5	0.51661	0.6643	0.999361	576	2	0.51945	0.0059756	0.024153	0.689081	32	3	0.51945
CPSF7	5	0.51836	0.66592	0.999361	577	2	-0.27734	0.57895	0.71989	0.999995	666	2	-0.27734
SLC25A23	5	0.51945	0.66691	0.999361	578	2	0.48533	0.18972	0.36109	0.985605	354	3	0.48533
SPRR2I	1	0.52265	0.52272	0.999361	579	0	0.065329	0.47735	0.47745	0.999995	587	0	0.065329
CENPJ	5	0.52489	0.67162	0.999361	580	2	-0.10929	0.89565	0.8953	0.999995	865	1	-0.10929
TACC3	5	0.52644	0.67296	0.999361	581	1	0.76005	0.019334	0.061995	0.805049	69	4	0.76005
PRRT2	5	0.52988	0.6757	0.999361	582	2	0.27675	0.25394	0.45106	0.999995	434	3	0.27675
STARD3NL	5	0.53092	0.67662	0.999361	583	1	0.15228	0.44573	0.60878	0.999995	567	2	0.15228
ARHGAP32	5	0.53092	0.67662	0.999361	584	1	-0.0074368	0.2727	0.47043	0.999995	446	2	-0.0074368
ZFP648	5	0.53205	0.67758	0.999361	585	2	0.46041	0.014616	0.049124	0.805049	54	3	0.46041
MGST2	5	0.53443	0.67982	0.999361	586	2	0.11354	0.22972	0.41772	0.998244	406	2	0.11354
ATP10B	5	0.53477	0.68004	0.999361	587	1	0.5434	0.1441	0.29541	0.965395	297	3	0.5434
ARL4C	5	0.53572	0.68084	0.999361	588	2	0.59376	0.13885	0.2877	0.965395	288	3	0.59376
PCDH15	5	0.53654	0.6817	0.999361	589	1	-0.16919	0.1516	0.30671	0.969336	305	1	-0.16919
HTR1F	5	0.53917	0.6841	0.999361	590	2	-0.18438	0.71548	0.78247	0.999995	742	1	-0.18438
OLFR212	5	0.53981	0.68473	0.999361	591	2	-0.086925	0.7216	0.78502	0.999995	744	1	-0.086925
ELAVL2	5	0.54006	0.68498	0.999361	592	1	0.030543	0.503	0.65632	0.999995	609	2	0.030543
ZFP192	4	0.5402	0.6308	0.999361	593	1	-0.018056	0.89442	0.89374	0.999995	861	0	-0.018056
LTBP2	5	0.54089	0.68564	0.999361	594	2	0.53546	0.072046	0.186	0.893092	190	3	0.53546
SEZ6	5	0.54123	0.68593	0.999361	595	1	-0.24912	0.030656	0.092015	0.805049	105	2	-0.24912
OLFR65	5	0.54432	0.68868	0.999361	596	2	0.5758	0.065958	0.17616	0.893092	180	3	0.5758
TRIM35	5	0.54617	0.69023	0.999361	597	1	0.50724	0.095329	0.22339	0.91785	230	3	0.50724
MAGI1	5	0.54704	0.691	0.999361	598	1	0.30184	0.21981	0.40387	0.989772	395	2	0.30184
PACRG	5	0.54761	0.69155	0.999361	599	1	-0.086609	0.31333	0.50301	0.999995	473	1	-0.086609
IFT46	5	0.55158	0.69512	0.999361	600	2	-0.12379	0.87632	0.87827	0.999995	844	1	-0.12379
ROBO3	5	0.55164	0.69515	0.999361	601	1	0.34746	0.17485	0.33993	0.977861	338	2	0.34746
PRR5	5	0.55329	0.69655	0.999361	602	2	0.64964	0.027454	0.083827	0.805049	97	3	0.64964
NDP	4	0.55367	0.63775	0.999361	603	1	0.037744	0.44152	0.58918	0.999995	563	2	0.037744
FABP4	5	0.5552	0.69804	0.999361	604	2	-0.014047	0.031447	0.093728	0.805049	108	2	-0.014047
DEFB20	3	0.55559	0.58081	0.999361	605	1	0.42645	0.17114	0.27743	0.959473	333	2	0.42645
FLT3	5	0.55668	0.69931	0.999361	606	2	0.21536	0.0027198	0.011609	0.689081	13	2	0.21536
PSAP	5	0.55711	0.69982	0.999361	607	2	-0.18336	0.55905	0.703	0.999995	653	1	-0.18336
FAM69A	5	0.55735	0.70005	0.999361	608	1	0.039883	0.26101	0.46075	0.999995	440	1	0.039883
UFM1	2	0.55763	0.55574	0.999361	609	1	0.45739	0.14485	0.22977	0.929675	298	1	0.45739
RPL11	1	0.55968	0.56052	0.999361	610	0	0.10081	0.44032	0.44044	0.999995	562	0	0.10081
MINPP1	3	0.56052	0.58452	0.999361	611	1	0.73355	0.095834	0.18193	0.893092	232	2	0.73355
CYP2AB1	5	0.56113	0.70344	0.999361	612	2	-0.030206	0.59606	0.73455	0.999995	680	2	-0.030206
E2F7	5	0.56176	0.70404	0.999361	613	2	0.099389	0.12279	0.26366	0.959473	263	2	0.099389
HCN1	5	0.56261	0.70464	0.999361	614	2	0.62943	0.11382	0.25043	0.959473	253	3	0.62943
CCDC47	4	0.56264	0.6427	0.999361	615	1	-0.025407	0.15746	0.30378	0.969336	309	1	-0.025407
ACADL	5	0.56383	0.70582	0.999361	616	1	0.091021	0.50894	0.66121	0.999995	617	2	0.091021
ZFP808	4	0.56405	0.64348	0.999361	617	1	0.39621	0.13274	0.27205	0.959473	278	3	0.39621
STK30	5	0.56579	0.70746	0.999361	618	1	0.012383	0.91851	0.91918	0.999995	885	0	0.012383
PLIN2	4	0.56591	0.64445	0.999361	619	1	0.47751	0.086403	0.19052	0.893092	217	2	0.47751
MBOAT1	5	0.5685	0.71001	0.999361	620	2	0.19543	0.38453	0.56075	0.999995	526	2	0.19543
OLFR572	5	0.56969	0.71129	0.999361	621	1	0.12273	0.2337	0.42319	0.999545	410	2	0.12273
APOL7A	4	0.57102	0.64715	0.999361	622	1	0.5453	0.083914	0.1862	0.893092	212	3	0.5453
PCF11	5	0.57144	0.71264	0.999361	623	2	0.01924	0.34343	0.52738	0.999995	488	1	0.01924
LGALS3BP	5	0.57301	0.71332	0.999361	624	1	0.5226	0.050655	0.14254	0.860826	156	4	0.5226
SP9	5	0.57521	0.71413	0.999361	625	1	-0.11508	0.74138	0.79416	0.999995	759	1	-0.11508
4921523A10RIK	5	0.57576	0.71433	0.999361	626	1	0.062946	0.3882	0.56334	0.999995	528	2	0.062946
FAM55D	5	0.57822	0.71522	0.999361	627	1	0.13367	0.73221	0.78981	0.999995	753	1	0.13367
MS4A10	5	0.57904	0.71554	0.999361	628	1	-0.12698	0.47979	0.63677	0.999995	591	1	-0.12698
PPCDC	5	0.58392	0.71734	0.999361	629	1	0.49347	0.14086	0.29092	0.965395	289	3	0.49347
TMEM173	5	0.58715	0.7183	0.999361	630	1	0.27921	0.22367	0.40978	0.994605	400	3	0.27921
GHITM	5	0.58876	0.71884	0.999361	631	1	0.022328	0.095758	0.22396	0.91785	231	2	0.022328
OLFR1457	4	0.59143	0.65798	0.999361	632	1	0.2966	0.37613	0.52167	0.999995	518	2	0.2966
OLFR1170	3	0.59257	0.60844	0.999361	633	1	0.64706	0.09807	0.18496	0.893092	234	2	0.64706
4933402D24RIK	2	0.59311	0.59102	0.999361	634	0	-0.094993	0.66329	0.66126	0.999995	715	0	-0.094993
SULT2A3	4	0.59542	0.65988	0.999361	635	1	0.43644	0.23152	0.3777	0.987908	408	2	0.43644
CD164L2	4	0.59806	0.66119	0.999361	636	1	0.015828	0.84374	0.8441	0.999995	820	0	0.015828
IZUMO3	5	0.60196	0.72364	0.999361	637	1	0.26541	0.20465	0.38268	0.987908	372	2	0.26541
SDHAF2	3	0.60342	0.61735	0.999361	638	1	1.393	0.01411	0.036579	0.794807	53	2	1.393
SLC6A20A	5	0.60869	0.72613	0.999361	639	1	-0.11555	0.20192	0.37882	0.987908	368	2	-0.11555
ACE	5	0.61278	0.72772	0.999361	640	1	-0.16194	0.89502	0.89488	0.999995	863	1	-0.16194
9930021D14RIK	5	0.61457	0.72833	0.999361	641	1	0.80007	0.025547	0.078381	0.805049	88	3	0.80007
TMEM45A	5	0.61735	0.72943	0.999361	642	1	-0.040551	0.9214	0.92196	0.999995	887	0	-0.040551
CCL17	3	0.61926	0.6305	0.999361	643	1	-0.13824	0.44649	0.51906	0.999995	568	1	-0.13824
BRE	2	0.62042	0.61825	0.999361	644	0	0.33072	0.20964	0.27472	0.959473	381	1	0.33072
C030006K11RIK	5	0.62238	0.73103	0.999361	645	1	0.87505	0.035284	0.10355	0.81847	120	4	0.87505
TLR12	5	0.62437	0.73176	0.999361	646	1	0.8867	0.013343	0.04555	0.805049	52	4	0.8867
GM5082	4	0.62922	0.67868	0.999361	647	1	0.032914	0.54456	0.64809	0.999995	642	1	0.032914
KCNJ4	5	0.63251	0.73502	0.999361	648	1	0.14987	0.79544	0.82189	0.999995	785	1	0.14987
SPATA2	5	0.63568	0.73627	0.999361	649	1	0.097016	0.1148	0.2517	0.959473	254	2	0.097016
ZNRD1AS	3	0.63616	0.64382	0.999361	650	1	1.0322	0.02559	0.063975	0.805049	89	2	1.0322
RIPK4	5	0.6364	0.73661	0.999361	651	1	0.29047	0.172	0.33607	0.977861	335	2	0.29047
OLFR308	3	0.63899	0.64627	0.999361	652	1	0.27364	0.28851	0.42191	0.999545	455	2	0.27364
TGM5	5	0.64075	0.73848	0.999361	653	1	0.048515	0.38682	0.56241	0.999995	527	2	0.048515
OLFR1442	4	0.6473	0.68922	0.999361	654	1	0.15015	0.13235	0.27126	0.959473	276	2	0.15015
UBN1	5	0.65329	0.74339	0.999361	655	1	-0.28305	0.11962	0.25871	0.959473	257	1	-0.28305
TLE3	5	0.65932	0.74588	0.999361	656	1	0.2566	0.18595	0.35573	0.985605	350	3	0.2566
MTHFR	5	0.66298	0.74732	0.999361	657	1	0.0045319	0.12746	0.27062	0.959473	269	2	0.0045319
TUBB1	5	0.6648	0.7481	0.999361	658	1	-0.15541	0.08769	0.2107	0.908181	219	1	-0.15541
A4GALT	5	0.66684	0.74891	0.999361	659	1	-0.33465	0.84734	0.85495	0.999995	825	1	-0.33465
TRP53BP1	5	0.66842	0.74938	0.999361	660	1	-0.095823	0.47525	0.63309	0.999995	586	1	-0.095823
OLFR1265	3	0.67127	0.67398	0.999361	661	1	0.097066	0.57803	0.60399	0.999995	665	1	0.097066
1110057K04RIK	5	0.67468	0.75222	0.999361	662	1	-0.0027438	0.63858	0.75278	0.999995	706	1	-0.0027438
RPL34	1	0.67578	0.67749	0.999361	663	0	0.36058	0.32422	0.32456	0.969336	480	1	0.36058
OLFR583	2	0.67742	0.67516	0.999361	664	0	0.14831	0.50118	0.50362	0.999995	607	1	0.14831
HEATR7A	5	0.68171	0.75539	0.999361	665	1	-0.26598	0.47142	0.62991	0.999995	581	2	-0.26598
YPEL5	4	0.68313	0.71091	0.999361	666	1	0.032004	0.85592	0.85605	0.999995	831	0	0.032004
GPR84	5	0.68345	0.75625	0.999361	667	1	-0.10296	0.25795	0.45655	0.999995	436	2	-0.10296
ARSA	5	0.68475	0.75694	0.999361	668	1	0.43222	0.12833	0.27185	0.959473	271	3	0.43222
NRIP3	5	0.68648	0.75748	0.999361	669	1	0.07253	0.8865	0.88694	0.999995	853	1	0.07253
SLC19A2	5	0.68862	0.7582	0.999361	670	1	0.44558	0.20479	0.38284	0.987908	373	3	0.44558
UTS2	3	0.68929	0.69172	0.999361	671	1	-0.20275	0.79466	0.796	0.999995	783	0	-0.20275
ZFP326	5	0.68991	0.75875	0.999361	672	1	-0.13462	0.4875	0.64291	0.999995	597	2	-0.13462
VMN1R21	4	0.69007	0.71582	0.999361	673	1	-0.14188	0.37288	0.51866	0.999995	516	1	-0.14188
4931428F04RIK	5	0.69225	0.75974	0.999361	674	1	0.60658	0.00011322	0.0004604	0.460396	1	3	0.60658
CTTNBP2NL	5	0.69793	0.76228	0.999361	675	1	0.21065	0.085433	0.20706	0.902174	215	2	0.21065
KCNS2	5	0.69918	0.7629	0.999361	676	1	0.13158	0.34709	0.53015	0.999995	491	2	0.13158
GGCX	5	0.70002	0.76327	0.999361	677	1	-0.039417	0.40471	0.57617	0.999995	539	2	-0.039417
TMEM198	5	0.70374	0.76492	0.999361	678	1	-0.13681	0.019986	0.063767	0.805049	72	2	-0.13681
BCAP29	3	0.70549	0.70726	0.999361	679	1	-0.19066	0.91825	0.91848	0.999995	884	0	-0.19066
DIS3	5	0.70722	0.76681	0.999361	680	1	0.051301	0.14735	0.3	0.967758	302	2	0.051301
ZFP961	5	0.70885	0.76757	0.999361	681	1	0.13414	0.53744	0.68499	0.999995	638	2	0.13414
AKR1C13	4	0.70915	0.72892	0.999361	682	1	0.28641	0.34991	0.4959	0.999995	494	2	0.28641
FTSJD1	4	0.71242	0.73113	0.999361	683	1	0.59177	0.094848	0.20596	0.902174	228	2	0.59177
OLFR479	3	0.71352	0.7154	0.999361	684	1	0.9958	0.029356	0.072589	0.805049	102	2	0.9958
BZW1	5	0.71429	0.77017	0.999361	685	1	0.28725	0.13233	0.27774	0.959473	275	3	0.28725
SKINT8	3	0.71451	0.71637	0.999361	686	1	0.41332	0.17	0.27581	0.959473	330	2	0.41332
TIMP3	5	0.71588	0.77086	0.999361	687	1	0.33099	0.54132	0.68817	0.999995	640	2	0.33099
FAM89B	5	0.71628	0.771	0.999361	688	1	0.24135	0.46609	0.62517	0.999995	577	2	0.24135
NMI	5	0.71707	0.77138	0.999361	689	1	0.63006	0.085737	0.2075	0.902174	216	3	0.63006
HSP90AA1	4	0.71802	0.73494	0.999361	690	1	0.33602	0.061821	0.14462	0.860826	173	2	0.33602
OLFR351	4	0.72437	0.7397	0.999361	691	1	0.41718	0.19734	0.34441	0.977861	364	2	0.41718
SKINT7	4	0.72702	0.7416	0.999361	692	1	0.0061622	0.70429	0.73382	0.999995	737	1	0.0061622
SLC16A7	5	0.72992	0.77755	0.999361	693	1	0.12628	0.46013	0.62027	0.999995	572	1	0.12628
FKBP10	5	0.73297	0.77902	0.999361	694	1	0.18773	0.48215	0.63871	0.999995	592	2	0.18773
FAM98B	4	0.73418	0.74645	0.999361	695	1	0.076498	0.016882	0.054391	0.805049	60	2	0.076498
OLFR1318	3	0.73456	0.7356	0.999361	696	0	0.24076	0.71323	0.71621	0.999995	741	1	0.24076
C9	5	0.73636	0.78088	0.999361	697	1	0.37512	0.16603	0.32778	0.969755	327	3	0.37512
GAMT	5	0.73748	0.78147	0.999361	698	1	0.42582	0.079689	0.19808	0.898113	206	3	0.42582
SCGB3A2	4	0.73867	0.74987	0.999361	699	1	0.1434	0.85916	0.85921	0.999995	832	0	0.1434
IL1RAPL1	5	0.73934	0.78248	0.999361	700	1	0.49887	0.1597	0.31828	0.969336	316	3	0.49887
OGN	2	0.74077	0.73827	0.999361	701	0	0.01896	0.71753	0.71535	0.999995	743	0	0.01896
TFAP4	5	0.74468	0.78532	0.999361	702	1	-0.083729	0.5777	0.71879	0.999995	664	2	-0.083729
MGL2	5	0.74669	0.78624	0.999361	703	1	0.090026	0.54732	0.69315	0.999995	644	2	0.090026
LFNG	4	0.74747	0.7569	0.999361	704	1	-0.29199	0.61302	0.682	0.999995	695	1	-0.29199
TTYH3	5	0.74904	0.78745	0.999361	705	1	0.28943	0.7741	0.81048	0.999995	773	1	0.28943
APOE	5	0.74958	0.78776	0.999361	706	1	0.81723	0.022128	0.069708	0.805049	81	4	0.81723
HPGD	5	0.75012	0.78802	0.999361	707	1	0.010434	0.20909	0.38878	0.987908	378	2	0.010434
PTPRK	5	0.75066	0.78834	0.999361	708	1	-0.30463	0.81201	0.83174	0.999995	793	1	-0.30463
GRIN2B	5	0.75387	0.79025	0.999361	709	1	0.17975	0.69584	0.77396	0.999995	732	1	0.17975
PRDX4	5	0.75528	0.79111	0.999361	710	1	-0.16314	0.52824	0.67708	0.999995	627	1	-0.16314
RBMX	5	0.75563	0.79131	0.999361	711	1	0.32896	0.0024489	0.01055	0.689081	11	3	0.32896
MDFI	5	0.75774	0.79254	0.999361	712	1	0.15987	0.6648	0.76221	0.999995	718	1	0.15987
BEX6	4	0.75846	0.76553	0.999361	713	1	0.48722	0.046595	0.11565	0.826768	145	2	0.48722
SLC7A3	5	0.76295	0.79571	0.999361	714	1	0.45344	0.043902	0.12556	0.855695	138	4	0.45344
OLFR243	4	0.765	0.77065	0.999361	715	1	0.047409	0.47362	0.61705	0.999995	583	1	0.047409
EPGN	4	0.7669	0.77205	0.999361	716	1	-0.12466	0.23935	0.38558	0.987908	416	2	-0.12466
RAB11FIP2	5	0.76757	0.79825	0.999361	717	1	0.49952	0.030376	0.091302	0.805049	103	4	0.49952
SHISA9	5	0.77427	0.80204	0.999361	718	1	0.18811	0.72239	0.78525	0.999995	746	1	0.18811
OLFR761	2	0.77463	0.772	0.999361	719	0	0.50222	0.12825	0.21388	0.913574	270	1	0.50222
RTBDN	4	0.77922	0.78242	0.999361	720	1	0.11147	0.56264	0.65706	0.999995	657	1	0.11147
SSXB1	2	0.77936	0.77668	0.999361	721	0	0.22049	0.50364	0.50616	0.999995	610	1	0.22049
NRXN1	5	0.78226	0.80657	0.999361	722	1	0.065307	0.36036	0.54135	0.999995	502	1	0.065307
PFAS	5	0.78258	0.80671	0.999361	723	1	0.025618	0.20646	0.38521	0.987908	376	2	0.025618
FGD5	5	0.7829	0.80693	0.999361	724	1	-0.25949	0.44527	0.60841	0.999995	566	2	-0.25949
DCAF5	5	0.78322	0.80723	0.999361	725	1	-0.19942	0.68171	0.76871	0.999995	727	1	-0.19942
XKR8	5	0.78418	0.80771	0.999361	726	1	0.19523	0.19094	0.36303	0.985605	356	2	0.19523
COL4A5	5	0.78673	0.80922	0.999361	727	1	-0.099027	0.065708	0.17582	0.893092	179	2	-0.099027
FAM83C	5	0.78736	0.80956	0.999361	728	1	0.60464	0.049388	0.13934	0.860826	151	4	0.60464
GPR157	5	0.78783	0.80993	0.999361	729	1	0.99093	0.012742	0.043876	0.805049	50	4	0.99093
GAS2L2	5	0.78987	0.81127	0.999361	730	1	-0.097059	0.43022	0.59674	0.999995	558	1	-0.097059
ALAS2	5	0.79018	0.81144	0.999361	731	1	0.41548	0.1798	0.34686	0.977861	343	3	0.41548
SEMA3F	5	0.79128	0.81205	0.999361	732	1	0.11254	0.57478	0.71614	0.999995	663	2	0.11254
WASL	4	0.79172	0.79333	0.999361	733	1	0.1057	0.2936	0.43913	0.999995	459	2	0.1057
CKAP2L	5	0.79205	0.81254	0.999361	734	1	-0.014827	0.72453	0.78623	0.999995	748	1	-0.014827
OLFR159	4	0.79212	0.7937	0.999361	735	1	0.4073	0.1229	0.25518	0.959473	264	3	0.4073
DNM1	5	0.7936	0.81347	0.999361	736	1	0.11894	0.89294	0.8929	0.999995	859	1	0.11894
TAS2R119	4	0.79465	0.79599	0.999361	737	1	0.21592	0.059192	0.13999	0.860826	166	2	0.21592
OLFR1105	5	0.79727	0.81546	0.999361	738	1	0.23974	0.05606	0.15515	0.887723	163	2	0.23974
MBD6	5	0.79909	0.81673	0.999361	739	1	0.76088	0.013297	0.04549	0.805049	51	4	0.76088
OLFR1138	3	0.80208	0.803	0.999361	740	0	0.42479	0.27365	0.40395	0.989772	448	2	0.42479
SFRP2	5	0.80238	0.81853	0.999361	741	1	-0.13837	0.97028	0.97042	0.999995	946	0	-0.13837
BNC1	5	0.80298	0.81892	0.999361	742	1	0.18412	0.49283	0.64756	0.999995	600	2	0.18412
9330182L06RIK	5	0.80387	0.81944	0.999361	743	1	0.25845	0.1891	0.36019	0.985605	353	3	0.25845
OBOX3	3	0.80396	0.80496	0.999361	744	0	0.32331	0.096989	0.18348	0.893092	233	2	0.32331
IL4	4	0.80457	0.80498	0.999361	745	1	0.0060338	0.27284	0.41821	0.998244	447	2	0.0060338
TRPM4	5	0.80505	0.82051	0.999361	746	1	0.51238	0.047695	0.13502	0.860826	149	4	0.51238
ETHE1	5	0.80637	0.82132	0.999361	747	1	-0.22865	0.51705	0.66793	0.999995	620	2	-0.22865
DNM3	5	0.80637	0.82132	0.999361	748	1	0.24916	0.55838	0.7025	0.999995	652	2	0.24916
GM20580	3	0.8067	0.8075	0.999361	749	0	0.064596	0.072348	0.14991	0.87809	191	1	0.064596
POLH	5	0.80942	0.82352	0.999361	750	1	-0.077558	0.44482	0.6081	0.999995	565	2	-0.077558
AGMO	5	0.81014	0.82406	0.999361	751	1	0.68377	0.012462	0.043035	0.805049	49	4	0.68377
HIAT1	5	0.81058	0.82427	0.999361	752	1	-0.23791	0.14891	0.30235	0.969336	303	2	-0.23791
GPR156	5	0.81372	0.82665	0.999361	753	1	0.42739	0.45793	0.61854	0.999995	571	2	0.42739
AKAP9	4	0.814	0.81453	0.999361	754	1	0.6968	0.035177	0.093312	0.805049	118	2	0.6968
TAS2R124	5	0.81598	0.82784	0.999361	755	1	0.65871	0.059488	0.16301	0.893092	167	3	0.65871
TMEM136	5	0.81626	0.828	0.999361	756	1	0.15612	0.72724	0.7874	0.999995	749	1	0.15612
OLFR1097	3	0.81805	0.81854	0.999361	757	0	0.20378	0.49974	0.55101	0.999995	605	1	0.20378
SERPINA1D	4	0.81828	0.81888	0.999361	758	1	0.54289	0.077609	0.17424	0.893092	202	3	0.54289
WNT9A	5	0.8185	0.82976	0.999361	759	1	0.195	0.015516	0.051698	0.805049	56	2	0.195
4930444A02RIK	5	0.81947	0.8304	0.999361	760	1	0.38359	0.14969	0.30378	0.969336	304	3	0.38359
OLFR1367	4	0.82308	0.82348	0.999361	761	0	0.36405	0.29435	0.4399	0.999995	461	2	0.36405
PSG16	5	0.82399	0.834	0.999361	762	1	0.18676	0.22717	0.4144	0.998244	403	2	0.18676
CYB5	5	0.8244	0.83444	0.999361	763	1	0.68096	0.087619	0.2106	0.908181	218	3	0.68096
REG3G	5	0.82696	0.83611	0.999361	764	1	0.66884	0.046922	0.13302	0.860826	147	3	0.66884
MEIG1	2	0.82773	0.82576	0.999361	765	0	0.55315	0.40107	0.41926	0.998244	535	1	0.55315
PALLD	5	0.82776	0.83674	0.999361	766	1	0.31833	0.22301	0.40878	0.994592	399	3	0.31833
GM2030	1	0.82825	0.82906	0.999361	767	0	0.75351	0.17175	0.17172	0.893092	334	1	0.75351
POLM	4	0.83285	0.8331	0.999361	768	0	0.3573	0.072438	0.16465	0.893092	193	2	0.3573
PELI2	5	0.83329	0.84016	0.999361	769	1	0.35233	0.22699	0.41415	0.998244	402	3	0.35233
APOL10A	4	0.83478	0.83488	0.999361	770	0	0.51451	0.07026	0.16053	0.893092	188	3	0.51451
HMGCLL1	5	0.83587	0.84197	0.999361	771	1	-0.2673	0.70292	0.77688	0.999995	734	1	-0.2673
CDKN2D	5	0.83664	0.84267	0.999361	772	1	0.19144	0.35283	0.53512	0.999995	498	2	0.19144
VSNL1	5	0.83715	0.84308	0.999361	773	1	0.75222	0.073376	0.18821	0.893092	194	3	0.75222
PCDHB7	5	0.8374	0.84334	0.999361	774	1	-0.2636	0.92504	0.92564	0.999995	893	0	-0.2636
FAM71F1	5	0.83867	0.84443	0.999361	775	1	-0.23183	0.40262	0.57437	0.999995	537	2	-0.23183
UHRF1BP1	5	0.83968	0.8451	0.999361	776	1	0.37697	0.22036	0.40482	0.989772	396	3	0.37697
SLC16A4	5	0.83993	0.84527	0.999361	777	1	0.24922	0.20917	0.38891	0.987908	379	2	0.24922
CENPW	2	0.84224	0.84071	0.999361	778	0	0.79897	0.21929	0.28156	0.959473	394	1	0.79897
NRIP1	5	0.84255	0.84746	0.999361	779	1	0.69442	0.023525	0.073381	0.805049	83	3	0.69442
NPY1R	5	0.84305	0.84789	0.999361	780	1	0.098698	0.30605	0.49691	0.999995	470	2	0.098698
HAS3	5	0.84367	0.84835	0.999361	781	1	0.71072	0.071383	0.1849	0.893092	189	3	0.71072
CRB1	5	0.84392	0.8485	0.999361	782	1	0.49978	0.11286	0.24922	0.959473	252	3	0.49978
SNAP25	5	0.84539	0.84966	0.999361	783	1	0.26847	0.14233	0.29289	0.965395	294	2	0.26847
DOK7	5	0.84661	0.85065	0.999361	784	1	0.63487	0.061073	0.16643	0.893092	172	3	0.63487
ALDH2	5	0.84734	0.85118	0.999361	785	1	0.44795	0.084626	0.20591	0.902174	213	2	0.44795
LYG1	4	0.8476	0.84794	0.999361	786	0	0.085158	0.47845	0.619	0.999995	588	1	0.085158
TRIB3	4	0.84855	0.84878	0.999361	787	0	0.58161	0.10654	0.2269	0.926106	243	2	0.58161
1700019D03RIK	3	0.84904	0.85001	0.999361	788	0	0.56809	0.16286	0.26699	0.959473	320	2	0.56809
TTC35	5	0.85022	0.85338	0.999361	789	1	0.40654	0.25324	0.44996	0.999995	431	3	0.40654
FMN1	5	0.85081	0.8538	0.999361	790	1	0.36364	0.024265	0.075282	0.805049	84	3	0.36364
CETN2	4	0.8518	0.852	0.999361	791	0	0.22456	0.46061	0.60793	0.999995	573	2	0.22456
MYOZ2	5	0.85188	0.8548	0.999361	792	1	-0.21614	0.0081415	0.030985	0.720585	40	1	-0.21614
TRAF1	4	0.85326	0.85333	0.999361	793	0	1.2831	0.0069778	0.024292	0.689081	36	3	1.2831
THAP2	5	0.85861	0.86051	0.999361	794	1	-0.048067	0.19828	0.37371	0.987908	365	1	-0.048067
MYL12A	3	0.85901	0.85999	0.999361	795	0	0.26933	0.55825	0.59021	0.999995	651	1	0.26933
ZFP161	5	0.85906	0.86093	0.999361	796	1	0.78478	0.019965	0.063708	0.805049	71	4	0.78478
FAM100A	5	0.86244	0.86382	0.999361	797	1	-0.17257	0.60611	0.74179	0.999995	689	1	-0.17257
DCBLD2	5	0.86244	0.86382	0.999361	798	1	0.73251	0.051182	0.14374	0.860826	158	3	0.73251
BPIFA3	5	0.86531	0.8665	0.999361	799	1	0.25934	0.21872	0.40214	0.989772	393	3	0.25934
TAX1BP1	5	0.86575	0.86682	0.999361	800	1	0.26177	0.49637	0.65064	0.999995	603	2	0.26177
LY6C2	1	0.86615	0.86705	0.999361	801	0	0.81553	0.13385	0.13449	0.860826	282	1	0.81553
MDM1	5	0.8664	0.86734	0.999361	802	1	-0.21051	0.15439	0.31069	0.969336	307	2	-0.21051
CTXN2	1	0.86724	0.86817	0.999361	803	0	0.79723	0.13276	0.13338	0.860826	279	1	0.79723
FAM117B	5	0.86759	0.8684	0.999361	804	1	0.053648	0.16835	0.33106	0.976591	329	2	0.053648
SPRR2B	4	0.86767	0.86791	0.999361	805	0	0.57384	0.067487	0.15535	0.887723	185	2	0.57384
ACSL4	5	0.86792	0.86867	0.999361	806	1	-0.055305	0.056924	0.1572	0.893092	164	2	-0.055305
GM5531	4	0.86891	0.86905	0.999361	807	0	-0.16796	0.78437	0.79041	0.999995	778	1	-0.16796
C1S	5	0.86942	0.87016	0.999361	808	1	-0.089648	0.54368	0.69023	0.999995	641	2	-0.089648
ALDH1A1	5	0.87027	0.87085	0.999361	809	1	0.34052	0.22152	0.40638	0.991174	397	3	0.34052
OLFR1013	4	0.87061	0.87077	0.999361	810	0	0.22792	0.17495	0.32178	0.969336	339	2	0.22792
GM12769	1	0.87116	0.87189	0.999361	811	0	0.83674	0.12884	0.12956	0.860826	272	1	0.83674
COL6A3	5	0.87133	0.87186	0.999361	812	1	0.345	0.080584	0.19938	0.898113	207	3	0.345
RALGPS1	5	0.87175	0.87225	0.999361	813	1	-0.19959	0.91614	0.91677	0.999995	879	0	-0.19959
LGALS4	5	0.87196	0.87247	0.999361	814	1	0.22015	0.36799	0.54748	0.999995	512	2	0.22015
SLC40A1	5	0.87322	0.8737	0.999361	815	1	0.15062	0.11177	0.24752	0.959473	248	2	0.15062
4930430A15RIK	5	0.87343	0.87389	0.999361	816	1	-0.25043	0.58176	0.72236	0.999995	668	1	-0.25043
SPDEF	5	0.87571	0.8762	0.999361	817	1	-0.30819	0.33875	0.52343	0.999995	486	1	-0.30819
NQO1	5	0.87754	0.87817	0.999361	818	1	0.51425	0.12268	0.26353	0.959473	262	3	0.51425
SLC38A5	5	0.87815	0.87873	0.999361	819	1	0.30673	0.16488	0.32584	0.969752	325	3	0.30673
A830018L16RIK	4	0.8794	0.87972	0.999361	820	0	0.53	0.090989	0.199	0.898113	223	3	0.53
WDR62	5	0.87956	0.87998	0.999361	821	1	-0.26505	0.90981	0.90976	0.999995	875	0	-0.26505
CYB5R1	5	0.88086	0.88116	0.999361	822	1	-0.16267	0.37075	0.5496	0.999995	514	2	-0.16267
LRRIQ1	5	0.88086	0.88116	0.999361	823	1	-0.099626	0.7711	0.809	0.999995	771	1	-0.099626
FOXJ2	5	0.88115	0.88144	0.999361	824	1	-0.17014	0.66842	0.76331	0.999995	722	1	-0.17014
GJA4	4	0.88117	0.88156	0.999361	825	0	0.24302	0.24194	0.38812	0.987908	419	2	0.24302
PUSL1	5	0.88155	0.88175	0.999361	826	1	0.91716	0.106	0.23898	0.951723	242	3	0.91716
VMN1R78	5	0.88293	0.88316	0.999361	827	1	0.59185	0.074709	0.19024	0.893092	196	3	0.59185
LPGAT1	5	0.88545	0.88535	0.999361	828	0	0.061557	0.58929	0.72864	0.999995	671	2	0.061557
B4GALNT3	5	0.88564	0.88554	0.999361	829	0	0.0038259	0.86705	0.87013	0.999995	835	1	0.0038259
GFI1	5	0.88746	0.88747	0.999361	830	0	0.24198	0.07812	0.1954	0.896335	203	2	0.24198
HIST1H2BL	1	0.8875	0.88853	0.999361	831	0	1.2147	0.1125	0.11305	0.825215	249	1	1.2147
4932438A13RIK	5	0.88821	0.88813	0.999361	832	0	-0.073567	0.18844	0.35934	0.985605	352	2	-0.073567
KRTAP9-5	5	0.88999	0.88971	0.999361	833	0	0.0061303	0.11568	0.25307	0.959473	255	2	0.0061303
MRGPRB8	5	0.89074	0.89046	0.999361	834	0	0.16133	0.1206	0.26028	0.959473	258	2	0.16133
A730011L01RIK	5	0.89111	0.89084	0.999361	835	0	-0.04068	0.59299	0.73188	0.999995	678	2	-0.04068
RHOX1	4	0.89206	0.89164	0.999361	836	0	0.12854	0.6475	0.70019	0.999995	712	1	0.12854
NEU4	5	0.89221	0.8921	0.999361	837	0	1.1732	0.00068057	0.0029356	0.616832	4	4	1.1732
MMP11	5	0.89367	0.89349	0.999361	838	0	0.70351	0.032779	0.097332	0.805049	113	3	0.70351
ARHGAP15	5	0.89618	0.89576	0.999361	839	0	-0.047316	0.42534	0.59315	0.999995	555	1	-0.047316
YWHAE	4	0.89753	0.8966	0.999361	840	0	0.72387	0.049454	0.12103	0.844369	152	3	0.72387
EI24	5	0.8976	0.89708	0.999361	841	0	0.53272	0.1067	0.24022	0.951723	244	3	0.53272
OLFR147	5	0.8983	0.89781	0.999361	842	0	-0.0013929	0.27809	0.47476	0.999995	449	2	-0.0013929
OLFR1206	4	0.89926	0.89831	0.999361	843	0	0.53547	0.063898	0.14863	0.87809	176	3	0.53547
IL12A	2	0.8999	0.89877	0.999361	844	0	0.48091	0.1001	0.17191	0.893092	237	2	0.48091
SHPK	5	0.90021	0.89974	0.999361	845	0	0.16072	0.1077	0.24174	0.951723	246	2	0.16072
HIST1H2BA	4	0.90165	0.9007	0.999361	846	0	-0.060662	0.92735	0.92636	0.999995	894	0	-0.060662
CYP2B10	5	0.90175	0.90143	0.999361	847	0	0.235	0.66797	0.76319	0.999995	721	1	0.235
HBB-BH2	3	0.9023	0.90235	0.999361	848	0	0.95419	0.026997	0.067104	0.805049	95	2	0.95419
OLFR1189	4	0.9034	0.90234	0.999361	849	0	0.17925	0.3015	0.44716	0.999995	467	2	0.17925
TAAR7D	4	0.90355	0.90252	0.999361	850	0	0.83293	0.036008	0.095074	0.805049	124	3	0.83293
MYOF	5	0.90552	0.90522	0.999361	851	0	0.27297	0.08465	0.20593	0.902174	214	2	0.27297
AMOTL1	5	0.9074	0.90724	0.999361	852	0	0.13976	0.43779	0.60261	0.999995	561	2	0.13976
VPS26A	5	0.90773	0.9075	0.999361	853	0	0.038532	0.78673	0.81712	0.999995	779	1	0.038532
4930447C04RIK	3	0.90774	0.90794	0.999361	854	0	0.46492	0.20787	0.32306	0.969336	377	2	0.46492
OLFR1387	4	0.90785	0.90648	0.999361	855	0	0.95729	0.025342	0.073332	0.805049	87	3	0.95729
PROM2	5	0.90789	0.90769	0.999361	856	0	0.49715	0.36753	0.54707	0.999995	511	2	0.49715
KPNA6	5	0.90821	0.90803	0.999361	857	0	-0.042671	0.25351	0.45046	0.999995	433	2	-0.042671
OLFR1015	5	0.90878	0.90866	0.999361	858	0	0.1753	0.29095	0.48519	0.999995	456	2	0.1753
CABP5	5	0.90902	0.90891	0.999361	859	0	0.25862	0.53536	0.68282	0.999995	635	2	0.25862
FBXW21	5	0.90949	0.90939	0.999361	860	0	0.73792	0.016128	0.05348	0.805049	59	4	0.73792
INMT	4	0.91129	0.90998	0.999361	861	0	0.12202	0.73595	0.75417	0.999995	757	1	0.12202
4930467E23RIK	4	0.91144	0.91012	0.999361	862	0	0.24076	0.6443	0.69858	0.999995	710	1	0.24076
P2RY6	4	0.91172	0.9105	0.999361	863	0	0.85662	0.043274	0.10923	0.81847	135	3	0.85662
ALPL	5	0.9131	0.91341	0.999361	864	0	0.097066	0.39944	0.57202	0.999995	534	2	0.097066
OLFR165	5	0.91387	0.91437	0.999361	865	0	0.86837	0.010304	0.036837	0.794807	43	4	0.86837
SESN1	5	0.91433	0.9149	0.999361	866	0	0.70136	0.025005	0.077153	0.805049	85	4	0.70136
AGAP3	5	0.91448	0.9151	0.999361	867	0	-0.025309	0.42883	0.59567	0.999995	557	1	-0.025309
ZFP235	4	0.91519	0.91395	0.999361	868	0	-0.033633	0.12087	0.25152	0.959473	259	1	-0.033633
FAM109B	5	0.91629	0.91696	0.999361	869	0	0.224	0.42436	0.59246	0.999995	553	2	0.224
GM10334	1	0.92039	0.9209	0.999361	870	0	1.1397	0.079612	0.080193	0.805049	205	1	1.1397
ATG4B	5	0.92047	0.92095	0.999361	871	0	0.43284	0.041728	0.12013	0.844369	132	4	0.43284
DARC	5	0.92112	0.92166	0.999361	872	0	0.76347	0.003806	0.016134	0.689081	19	4	0.76347
FLYWCH2	3	0.92117	0.92098	0.999361	873	0	0.31009	0.10065	0.18843	0.893092	238	2	0.31009
LEAP2	4	0.92119	0.92043	0.999361	874	0	0.33614	0.17095	0.31765	0.969336	332	2	0.33614
GLI2	5	0.92155	0.92207	0.999361	875	0	0.46734	0.15376	0.30983	0.969336	306	3	0.46734
F10	5	0.92268	0.92317	0.999361	876	0	0.3271	0.20511	0.38338	0.987908	374	3	0.3271
GM13271	4	0.92273	0.922	0.999361	877	0	0.35093	0.41328	0.55987	0.999995	544	2	0.35093
SYTL5	5	0.9231	0.92346	0.999361	878	0	0.59853	0.093721	0.221	0.91785	226	3	0.59853
OLFR731	4	0.92425	0.92357	0.999361	879	0	0.29383	0.29186	0.43745	0.999995	457	2	0.29383
FAM19A2	5	0.92435	0.92488	0.999361	880	0	0.61346	0.062266	0.16918	0.893092	175	4	0.61346
AW146154	4	0.92501	0.92429	0.999361	881	0	0.43519	0.031424	0.086005	0.805049	107	3	0.43519
KLRA4	3	0.9268	0.92667	0.999361	882	0	0.60294	0.16786	0.27334	0.959473	328	2	0.60294
TBC1D10C	5	0.9276	0.92807	0.999361	883	0	0.30796	0.15494	0.3114	0.969336	308	3	0.30796
RBFOX3	4	0.92832	0.92728	0.999361	884	0	0.26852	0.076549	0.17249	0.893092	199	2	0.26852
CHL1	5	0.92853	0.92898	0.999361	885	0	0.70249	0.036251	0.1062	0.81847	125	4	0.70249
DLG2	5	0.9288	0.92936	0.999361	886	0	0.12696	0.44397	0.60758	0.999995	564	2	0.12696
NDST3	5	0.92932	0.9299	0.999361	887	0	0.77935	0.019783	0.063262	0.805049	70	4	0.77935
NFATC4	4	0.92946	0.92844	0.999361	888	0	0.11328	0.5985	0.67448	0.999995	682	1	0.11328
TRIM29	5	0.93075	0.93119	0.999361	889	0	0.2389	0.37902	0.55638	0.999995	521	2	0.2389
2900011O08RIK	4	0.93164	0.93071	0.999361	890	0	0.80062	0.021611	0.065233	0.805049	79	3	0.80062
OLFR376	3	0.93204	0.93166	0.999361	891	0	0.42901	0.21688	0.33476	0.977861	391	2	0.42901
RHOX9	4	0.93211	0.93115	0.999361	892	0	0.25533	0.24919	0.39506	0.987908	427	2	0.25533
VMN1R80	4	0.93268	0.93174	0.999361	893	0	0.63599	0.018152	0.058292	0.805049	65	3	0.63599
UVRAG	5	0.93291	0.93355	0.999361	894	0	0.32967	0.053802	0.15015	0.87809	161	3	0.32967
HTATIP2	5	0.93316	0.9338	0.999361	895	0	0.043042	0.58971	0.72897	0.999995	672	2	0.043042
CAR13	5	0.93452	0.93515	0.999361	896	0	0.28001	0.083823	0.20465	0.902174	211	3	0.28001
B4GALT5	5	0.93501	0.93583	0.999361	897	0	-0.041874	0.11271	0.24903	0.959473	251	2	-0.041874
GM11487	3	0.93547	0.93503	0.999361	898	0	0.71098	0.094222	0.17993	0.893092	227	2	0.71098
VMN1R213	4	0.93552	0.93474	0.999361	899	0	0.57378	0.13103	0.26881	0.959473	274	3	0.57378
UFSP1	5	0.93647	0.93723	0.999361	900	0	0.31742	0.56682	0.70944	0.999995	660	2	0.31742
ACAT1	5	0.93712	0.93799	0.999361	901	0	0.4429	0.1617	0.32124	0.969336	319	3	0.4429
SETD2	5	0.93825	0.93904	0.999361	902	0	0.47086	0.13593	0.28304	0.959473	286	3	0.47086
CMAS	5	0.9386	0.93942	0.999361	903	0	0.49869	0.015359	0.051312	0.805049	55	4	0.49869
FAM46D	5	0.93895	0.93981	0.999361	904	0	0.44933	0.044007	0.12579	0.855695	139	4	0.44933
CRISPLD2	5	0.93941	0.94031	0.999361	905	0	0.1003	0.78162	0.81419	0.999995	775	1	0.1003
SPATA16	5	0.94033	0.94121	0.999361	906	0	0.4981	0.14153	0.29175	0.965395	291	3	0.4981
SFTPA1	4	0.94081	0.93985	0.999361	907	0	0.73531	0.043385	0.1095	0.81847	137	3	0.73531
LITAF	5	0.94124	0.94196	0.999361	908	0	0.25034	0.3747	0.55296	0.999995	517	2	0.25034
PDCD4	5	0.94135	0.942	0.999361	909	0	0.1946	0.69288	0.77281	0.999995	731	1	0.1946
ATMIN	5	0.94346	0.94392	0.999361	910	0	0.57076	0.21382	0.39516	0.987908	387	3	0.57076
RC3H1	5	0.9439	0.94436	0.999361	911	0	0.85124	0.030584	0.091847	0.805049	104	3	0.85124
ZFP459	4	0.94538	0.94446	0.999361	912	0	0.14622	0.66202	0.70803	0.999995	714	1	0.14622
PPPDE1	4	0.94587	0.945	0.999361	913	0	0.39744	0.1043	0.22301	0.91785	241	3	0.39744
IFNA2	2	0.94654	0.94587	0.999361	914	0	0.53417	0.05346	0.095064	0.805049	160	2	0.53417
PCSK2	4	0.94664	0.94584	0.999361	915	0	0.20231	0.53039	0.64193	0.999995	631	1	0.20231
FBXO31	5	0.94791	0.94811	0.999361	916	0	0.8772	0.067225	0.17835	0.893092	183	3	0.8772
TBC1D12	4	0.94911	0.94848	0.999361	917	0	0.86693	0.035356	0.093629	0.805049	121	3	0.86693
SLC23A2	5	0.94933	0.9496	0.999361	918	0	0.28851	0.24185	0.43438	0.999995	418	3	0.28851
AMBN	5	0.94943	0.94971	0.999361	919	0	0.80239	0.041322	0.11914	0.844369	131	4	0.80239
AA467197	3	0.94954	0.9494	0.999361	920	0	0.89755	0.043201	0.10453	0.81847	134	2	0.89755
GZMB	5	0.95052	0.95068	0.999361	921	0	0.32684	0.42394	0.59207	0.999995	552	2	0.32684
MTRR	5	0.9513	0.95157	0.999361	922	0	0.37145	0.23691	0.42758	0.999995	413	3	0.37145
MTA2	5	0.95312	0.95345	0.999361	923	0	0.12416	0.32212	0.51016	0.999995	477	2	0.12416
WDR34	5	0.9533	0.95359	0.999361	924	0	0.6584	0.060241	0.16446	0.893092	171	3	0.6584
SLC25A12	5	0.9534	0.95366	0.999361	925	0	0.50516	0.13291	0.27855	0.959473	280	3	0.50516
AVEN	3	0.95417	0.95397	0.999361	926	0	0.67056	0.045834	0.11079	0.81847	143	3	0.67056
ZFP109	5	0.95488	0.95547	0.999361	927	0	0.37968	0.065269	0.17513	0.893092	178	3	0.37968
PRL2A1	3	0.95586	0.95567	0.999361	928	0	0.45283	0.04414	0.10681	0.81847	140	3	0.45283
ACP2	5	0.95632	0.95678	0.999361	929	0	0.40314	0.19515	0.36897	0.986538	363	3	0.40314
DISP1	5	0.95755	0.95807	0.999361	930	0	0.34807	0.23607	0.42633	0.999995	412	3	0.34807
1700016C15RIK	5	0.95884	0.95927	0.999361	931	0	0.16266	0.059959	0.16394	0.893092	168	2	0.16266
4931406C07RIK	5	0.95893	0.95933	0.999361	932	0	0.76242	0.0076038	0.029421	0.700495	39	4	0.76242
KIF1B	5	0.95918	0.95965	0.999361	933	0	0.67342	0.10764	0.24164	0.951723	245	3	0.67342
CYP2B9	5	0.96108	0.96155	0.999361	934	0	0.2884	0.24838	0.4431	0.999995	426	3	0.2884
SCN1B	5	0.96173	0.96218	0.999361	935	0	0.41264	0.20929	0.38906	0.987908	380	3	0.41264
OLFR101	4	0.96174	0.96169	0.999361	936	0	0.66219	0.026809	0.076401	0.805049	94	3	0.66219
SCLT1	5	0.96307	0.96342	0.999361	937	0	0.34342	0.2305	0.4187	0.998244	407	3	0.34342
OLFR1086	5	0.96403	0.96426	0.999361	938	0	0.22841	0.89258	0.8925	0.999995	858	1	0.22841
DOCK11	5	0.96422	0.96447	0.999361	939	0	0.5387	0.042239	0.12159	0.844369	133	4	0.5387
OLFR484	3	0.96481	0.96449	0.999361	940	0	0.65296	0.035193	0.085658	0.805049	119	3	0.65296
EPB4.1L3	5	0.96542	0.9657	0.999361	941	0	0.50023	0.033687	0.099619	0.809909	116	4	0.50023
OLFR389	3	0.96623	0.96602	0.999361	942	0	0.58135	0.033774	0.082045	0.805049	117	3	0.58135
OLFR1212	4	0.96695	0.9671	0.999361	943	0	0.41564	0.24375	0.38986	0.987908	420	2	0.41564
CCDC19	5	0.96736	0.96773	0.999361	944	0	0.24434	0.32669	0.51377	0.999995	481	2	0.24434
VMN1R237	5	0.96861	0.96879	0.999361	945	0	0.48934	0.036435	0.10666	0.81847	126	4	0.48934
OLFR957	4	0.96874	0.96912	0.999361	946	0	0.72455	0.032026	0.087153	0.805049	110	3	0.72455
TLR8	5	0.96902	0.96919	0.999361	947	0	0.1128	0.43575	0.60114	0.999995	560	1	0.1128
IL31RA	5	0.96962	0.96983	0.999361	948	0	0.22897	0.44844	0.61086	0.999995	569	2	0.22897
2610020H08RIK	5	0.96989	0.97011	0.999361	949	0	0.62575	0.059001	0.16192	0.893092	165	3	0.62575
SYNGR2	5	0.971	0.97107	0.999361	950	0	0.31663	0.52943	0.67797	0.999995	629	2	0.31663
LRRC7	5	0.97281	0.9726	0.999361	951	0	0.25438	0.13019	0.27468	0.959473	273	2	0.25438
KLRD1	3	0.97299	0.97297	0.999361	952	0	0.63474	0.027012	0.067124	0.805049	96	3	0.63474
ARMCX5	5	0.97317	0.97303	0.999361	953	0	0.19266	0.083502	0.20417	0.902174	210	2	0.19266
OLFR434	3	0.9734	0.97347	0.999361	954	0	0.46286	0.026602	0.066183	0.805049	92	3	0.46286
TOX2	4	0.97459	0.97515	0.999361	955	0	0.86538	0.020748	0.06353	0.805049	75	3	0.86538
ICK	5	0.97493	0.97475	0.999361	956	0	0.4913	0.23844	0.42966	0.999995	415	3	0.4913
NLRP5	5	0.9753	0.97512	0.999361	957	0	0.77713	0.017142	0.056084	0.805049	61	4	0.77713
KHDRBS3	5	0.97734	0.97705	0.999361	958	0	0.47646	0.075482	0.19149	0.893092	197	3	0.47646
A2M	4	0.97738	0.97791	0.999361	959	0	0.41491	0.12496	0.25862	0.959473	267	3	0.41491
9430038I01RIK	2	0.97809	0.97759	0.999361	960	0	0.8815	0.021906	0.040391	0.805049	80	2	0.8815
SYN1	5	0.97868	0.97828	0.999361	961	0	0.72399	0.029321	0.08851	0.805049	101	3	0.72399
FBXO24	5	0.97893	0.97859	0.999361	962	0	0.65099	0.015843	0.05255	0.805049	58	4	0.65099
TAS2R108	3	0.97979	0.97974	0.999361	963	0	0.65528	0.020208	0.051698	0.805049	73	3	0.65528
PCOLCE2	5	0.98021	0.97984	0.999361	964	0	0.86411	0.010879	0.03847	0.794807	46	4	0.86411
0610031J06RIK	5	0.98033	0.97995	0.999361	965	0	0.8336	0.033308	0.098678	0.808838	115	3	0.8336
OLFR878	5	0.98047	0.9801	0.999361	966	0	0.3788	0.050076	0.14101	0.860826	155	4	0.3788
NAA11	5	0.98066	0.98032	0.999361	967	0	0.40549	0.12452	0.26617	0.959473	266	3	0.40549
CD86	5	0.98192	0.98169	0.999361	968	0	0.61717	0.026399	0.080708	0.805049	91	3	0.61717
SRCRB4D	5	0.98214	0.98194	0.999361	969	0	0.60012	0.13239	0.2778	0.959473	277	3	0.60012
CBR3	5	0.98257	0.98236	0.999361	970	0	0.65835	0.11262	0.24883	0.959473	250	3	0.65835
SPP2	5	0.98385	0.98381	0.999361	971	0	0.62541	0.021589	0.068252	0.805049	78	4	0.62541
SERPINB12	5	0.98468	0.98457	0.999361	972	0	0.97639	0.0074156	0.028916	0.700495	37	4	0.97639
ACCSL	5	0.9851	0.98502	0.999361	973	0	0.63817	0.017472	0.056965	0.805049	62	4	0.63817
CERKL	5	0.9853	0.98521	0.999361	974	0	0.96609	0.030874	0.092431	0.805049	106	3	0.96609
GLI3	5	0.98654	0.98641	0.999361	975	0	0.62066	0.026654	0.081411	0.805049	93	3	0.62066
AK8	5	0.98853	0.98848	0.999361	976	0	0.85433	0.031634	0.094203	0.805049	109	3	0.85433
VMN1R74	3	0.98927	0.98933	0.999361	977	0	0.80928	0.010727	0.027946	0.700495	44	3	0.80928
SLC35F4	5	0.9897	0.98948	0.999361	978	0	1.3273	0.0014695	0.0062723	0.689081	8	4	1.3273
DUSP11	5	0.98974	0.98951	0.999361	979	0	0.87552	0.011037	0.038946	0.794807	48	4	0.87552
CDC42BPA	5	0.99022	0.98986	0.999361	980	0	0.98562	0.0061378	0.024678	0.689081	33	4	0.98562
MNDAL	3	0.99064	0.9907	0.999361	981	0	1.4171	0.009359	0.024807	0.689081	42	3	1.4171
SLC34A2	5	0.9909	0.99036	0.999361	982	0	0.7414	0.025906	0.079223	0.805049	90	4	0.7414
ENKUR	5	0.99259	0.99219	0.999361	983	0	0.73394	0.020828	0.066262	0.805049	76	4	0.73394
OLFR859	4	0.99311	0.99339	0.999361	984	0	0.55367	0.0068858	0.024005	0.689081	35	4	0.55367
ZMAT4	5	0.99329	0.99312	0.999361	985	0	0.8249	0.019039	0.061272	0.805049	68	4	0.8249
PDE1A	5	0.99413	0.99403	0.999361	986	0	0.63176	0.0058702	0.023767	0.689081	31	5	0.63176
ANKS4B	5	0.99418	0.9941	0.999361	987	0	1.1594	0.0019291	0.0082723	0.689081	10	5	1.1594
ACTL9	5	0.99469	0.99479	0.999361	988	0	0.69638	0.0053121	0.021807	0.689081	29	5	0.69638
SIRT5	5	0.99476	0.99486	0.999361	989	0	0.52282	0.0052383	0.02146	0.689081	28	5	0.52282
MAGEA10	5	0.99485	0.99499	0.999361	990	0	0.3966	0.0051492	0.021114	0.689081	27	5	0.3966
DENND3	5	0.99501	0.99519	0.999361	991	0	0.6707	0.0049904	0.02051	0.689081	26	5	0.6707
ITGA10	5	0.99584	0.99604	0.999361	992	0	0.44293	0.0041648	0.017421	0.689081	21	5	0.44293
REEP1	4	0.99616	0.99632	0.999361	993	0	0.80289	0.0038353	0.013837	0.689081	20	4	0.80289
2210415F13RIK	4	0.99628	0.9964	0.999361	994	0	0.98229	0.0037158	0.013411	0.689081	18	4	0.98229
BLMH	5	0.99656	0.9966	0.999361	995	0	0.56753	0.0034406	0.014728	0.689081	17	5	0.56753
A530016L24RIK	5	0.99669	0.99671	0.999361	996	0	0.48254	0.0033143	0.014243	0.689081	16	5	0.48254
HTR1B	5	0.99738	0.99743	0.999361	997	0	0.96061	0.0026182	0.011233	0.689081	12	5	0.96061
CCDC102A	5	0.9989	0.999	0.999361	998	0	1.8149	0.00022501	0.001005	0.502475	2	5	1.8149
PCDHB6	5	0.99913	0.9992	0.999361	999	0	0.84647	0.00087377	0.0038861	0.64769	6	5	0.84647
MEF2C	5	0.99928	0.99936	0.999361	1000	0	0.74692	0.00071875	0.0030842	0.616832	5	5	0.74692
