id	num	neg|score	neg|p-value	neg|fdr	neg|rank	neg|goodsgrna	neg|lfc	pos|score	pos|p-value	pos|fdr	pos|rank	pos|goodsgrna	pos|lfc
NEU4	5	0.00039124	0.001698	0.443423	1	4	-1.1732	0.88962	0.88948	0.999441	830	1	-1.1732
4931428F04RIK	5	0.00049407	0.0021337	0.443423	2	3	-0.60658	0.66092	0.7589	0.999441	676	1	-0.60658
FLT3	5	0.00054443	0.002401	0.443423	3	2	-0.21536	0.5503	0.69534	0.999441	606	2	-0.21536
SLC35F4	5	0.00058636	0.0025792	0.443423	4	4	-1.3273	0.98919	0.98909	0.999441	978	0	-1.3273
MEF2C	5	0.00060954	0.0026782	0.443423	5	5	-0.74692	0.99939	0.99944	0.999441	1000	0	-0.74692
CCDC106	5	0.0007276	0.003104	0.443423	6	2	0.73568	0.086362	0.20769	0.999441	192	3	0.73568
PCDHB6	5	0.00072879	0.003104	0.443423	7	5	-0.84647	0.99927	0.99934	0.999441	999	0	-0.84647
CCDC102A	5	0.00090187	0.0039653	0.495668	8	5	-1.8149	0.99853	0.99858	0.999441	998	0	-1.8149
GPR149	5	0.0016326	0.0069554	0.734117	9	1	0.74393	0.09177	0.21678	0.999441	205	3	0.74393
4933402E13RIK	4	0.0021357	0.0081238	0.734117	10	3	-0.94115	0.43491	0.58236	0.999441	519	1	-0.94115
ANKS4B	5	0.0026951	0.01153	0.734117	11	4	-1.1594	0.99382	0.99364	0.999441	985	0	-1.1594
OLFR165	5	0.0027198	0.011609	0.734117	12	4	-0.86837	0.91139	0.9116	0.999441	863	0	-0.86837
HTR1B	5	0.0027911	0.011946	0.734117	13	5	-0.96061	0.99721	0.99725	0.999441	997	0	-0.96061
REEP1	4	0.0032184	0.011807	0.734117	14	4	-0.80289	0.99678	0.99693	0.999441	996	0	-0.80289
A530016L24RIK	5	0.003303	0.014223	0.734117	15	5	-0.48254	0.9967	0.99672	0.999441	995	0	-0.48254
BLMH	5	0.0035587	0.015193	0.734117	16	5	-0.56753	0.99644	0.99654	0.999441	994	0	-0.56753
CD86	5	0.003806	0.016134	0.734117	17	3	-0.61717	0.98089	0.98061	0.999441	966	0	-0.61717
RIT1	5	0.0038272	0.016272	0.734117	18	3	-0.95907	0.49172	0.64591	0.999441	557	2	-0.95907
AW146154	4	0.003915	0.014163	0.734117	19	3	-0.43519	0.92196	0.92114	0.999441	875	0	-0.43519
SERPINB12	5	0.004054	0.017015	0.734117	20	4	-0.97639	0.98405	0.98403	0.999441	972	0	-0.97639
2210415F13RIK	4	0.0042397	0.015243	0.734117	21	4	-0.98229	0.99576	0.99591	0.999441	993	0	-0.98229
ITGA10	5	0.0044292	0.018401	0.73604	22	5	-0.44293	0.99557	0.99578	0.999441	992	0	-0.44293
ZFP112	4	0.0046218	0.016569	0.734117	23	3	-1.0255	0.24218	0.38729	0.999441	372	1	-1.0255
PRPS1L3	3	0.0055441	0.014767	0.734117	24	1	0.0050612	0.35752	0.46662	0.999441	464	1	0.0050612
OLFR44	4	0.0058871	0.020817	0.782362	25	3	-0.76493	0.379	0.52423	0.999441	478	1	-0.76493
STARD13	5	0.0059756	0.023173	0.785314	26	2	-0.52911	0.49636	0.65002	0.999441	564	1	-0.52911
OLFR859	4	0.0059766	0.021124	0.782362	27	4	-0.55367	0.99402	0.99433	0.999441	987	0	-0.55367
4931406C07RIK	5	0.0060306	0.023332	0.785314	28	4	-0.76242	0.95807	0.9586	0.999441	933	0	-0.76242
DARC	5	0.0061187	0.023559	0.785314	29	4	-0.76347	0.92026	0.92079	0.999441	872	0	-0.76347
MNDAL	3	0.0066306	0.017619	0.734117	30	3	-1.4171	0.99337	0.99333	0.999441	983	0	-1.4171
MYOZ2	5	0.0070591	0.026302	0.786197	31	1	0.21614	0.91279	0.91314	0.999441	865	0	0.21614
VMN1R27	4	0.0071743	0.024965	0.786197	32	3	-1.0144	0.47791	0.61655	0.999441	546	1	-1.0144
CDC42BPA	5	0.0071762	0.026708	0.786197	33	4	-0.98562	0.99028	0.9899	0.999441	980	0	-0.98562
MXRA8	5	0.0081415	0.029559	0.786197	34	2	-0.071596	0.13136	0.27579	0.999441	259	1	-0.071596
OLFR473	4	0.0081434	0.028025	0.786197	35	2	-0.6115	0.49483	0.62365	0.999441	563	1	-0.6115
RBMX	5	0.0081494	0.029569	0.786197	36	3	-0.32896	0.75563	0.79963	0.999441	721	1	-0.32896
GRHPR	5	0.0089573	0.031668	0.786197	37	3	-1.2158	0.13136	0.27579	0.999441	260	2	-1.2158
FAM98B	4	0.009117	0.031124	0.786197	38	2	-0.076498	0.45695	0.60422	0.999441	534	2	-0.076498
CELF4	5	0.0093436	0.032738	0.786197	39	3	-1.1947	0.51179	0.66293	0.999441	576	2	-1.1947
DUSP11	5	0.0095965	0.033292	0.786197	40	4	-0.87552	0.98926	0.98917	0.999441	979	0	-0.87552
TRAF1	4	0.010237	0.034629	0.786197	41	3	-1.2831	0.85076	0.85103	0.999441	793	0	-1.2831
PCOLCE2	5	0.010261	0.035391	0.786197	42	4	-0.86411	0.98363	0.98353	0.999441	970	0	-0.86411
NOV	5	0.010304	0.03549	0.786197	43	2	1.15	0.089841	0.2136	0.999441	197	3	1.15
ZNRD1AS	3	0.010743	0.027985	0.786197	44	2	-1.0322	0.64672	0.65616	0.999441	669	1	-1.0322
VMN1R74	3	0.011844	0.030856	0.786197	45	3	-0.80928	0.98816	0.98824	0.999441	977	0	-0.80928
GPR157	5	0.011945	0.040272	0.786197	46	3	-0.99093	0.7769	0.81073	0.999441	731	1	-0.99093
OLFR957	4	0.012407	0.041282	0.786197	47	3	-0.72455	0.96702	0.96718	0.999441	944	0	-0.72455
GHR	5	0.012462	0.041748	0.786197	48	2	-0.22859	0.14777	0.30018	0.999441	282	2	-0.22859
FABP4	5	0.01338	0.044381	0.786197	49	2	0.014047	0.55435	0.69868	0.999441	609	2	0.014047
ACTL9	5	0.01354	0.044837	0.786197	50	4	-0.69638	0.99445	0.99445	0.999441	988	0	-0.69638
TLR12	5	0.013665	0.045163	0.786197	51	4	-0.8867	0.62437	0.74554	0.999441	660	1	-0.8867
FBXW21	5	0.013804	0.045559	0.786197	52	4	-0.73792	0.90821	0.90803	0.999441	859	0	-0.73792
AGMO	5	0.014616	0.047906	0.786197	53	4	-0.68377	0.79742	0.82181	0.999441	747	1	-0.68377
DNAJB11	5	0.015359	0.050124	0.786197	54	3	-0.51962	0.12011	0.25888	0.999441	243	1	-0.51962
NLRP5	5	0.015409	0.050238	0.786197	55	4	-0.77713	0.97433	0.9742	0.999441	956	0	-0.77713
FBXO24	5	0.01551	0.05046	0.786197	56	4	-0.65099	0.97792	0.97756	0.999441	961	0	-0.65099
OLFR971	4	0.015803	0.049787	0.786197	57	3	-0.724	0.20029	0.34587	0.999441	333	1	-0.724
DENND3	5	0.015817	0.051332	0.786197	58	4	-0.6707	0.99479	0.9949	0.999441	990	0	-0.6707
MBD6	5	0.015921	0.051649	0.786197	59	4	-0.76088	0.80238	0.82454	0.999441	752	1	-0.76088
RND3	4	0.016021	0.050243	0.786197	60	1	0.42061	0.19374	0.33961	0.999441	327	2	0.42061
KLHL3	5	0.016801	0.053995	0.786197	61	3	-0.37193	0.24375	0.43688	0.999441	378	1	-0.37193
ZFP161	5	0.016979	0.05452	0.786197	62	4	-0.78478	0.85493	0.85992	0.999441	794	1	-0.78478
EVI5L	5	0.017017	0.05455	0.786197	63	3	-0.58261	0.12926	0.27271	0.999441	257	2	-0.58261
CFD	5	0.017139	0.054955	0.786197	64	3	-0.75721	0.27854	0.4732	0.999441	406	2	-0.75721
ACCSL	5	0.017417	0.055708	0.786197	65	4	-0.63817	0.98456	0.98447	0.999441	973	0	-0.63817
HBB-BH2	3	0.017529	0.044955	0.786197	66	2	-0.95419	0.89922	0.89948	0.999441	842	0	-0.95419
KLHL8	5	0.018302	0.058233	0.786197	67	3	-0.63338	0.50882	0.66056	0.999441	574	1	-0.63338
ENKUR	5	0.018602	0.059074	0.786197	68	4	-0.73394	0.99252	0.99209	0.999441	982	0	-0.73394
NDST3	5	0.018834	0.059649	0.786197	69	4	-0.77935	0.928	0.92848	0.999441	887	0	-0.77935
9930021D14RIK	5	0.019423	0.061163	0.786197	70	3	-0.80007	0.56439	0.70725	0.999441	621	1	-0.80007
9430038I01RIK	2	0.020324	0.037678	0.786197	71	2	-0.8815	0.97968	0.97922	0.999441	965	0	-0.8815
TOX2	4	0.020326	0.059342	0.786197	72	3	-0.86538	0.97363	0.97422	0.999441	954	0	-0.86538
TAS2R108	3	0.020599	0.052639	0.786197	73	3	-0.65528	0.9794	0.97938	0.999441	963	0	-0.65528
TACC3	5	0.020859	0.065342	0.786197	74	4	-0.76005	0.46872	0.62684	0.999441	539	1	-0.76005
SETDB2	5	0.020931	0.06549	0.786197	75	2	-0.053603	0.2306	0.41884	0.999441	359	2	-0.053603
MMP11	5	0.021058	0.065827	0.786197	76	3	-0.70351	0.8924	0.89233	0.999441	835	1	-0.70351
WNT9A	5	0.021111	0.065926	0.786197	77	2	-0.195	0.80913	0.82884	0.999441	757	1	-0.195
2900011O08RIK	4	0.021181	0.061292	0.786197	78	2	-0.80062	0.92928	0.92827	0.999441	888	0	-0.80062
AGPAT1	5	0.021293	0.066411	0.786197	79	3	-1.1448	0.15874	0.31632	0.999441	294	2	-1.1448
OLFR101	4	0.021897	0.062658	0.786197	80	3	-0.66219	0.95982	0.95941	0.999441	935	0	-0.66219
OLFR374	5	0.022128	0.068668	0.786847	81	2	-0.29444	0.4772	0.634	0.999441	545	1	-0.29444
SNX20	5	0.022167	0.068777	0.786847	82	3	-1.2696	0.16253	0.3222	0.999441	300	2	-1.2696
ZMAT4	5	0.022336	0.069243	0.786847	83	4	-0.8249	0.99343	0.99326	0.999441	984	0	-0.8249
OLFR479	3	0.022555	0.057084	0.786197	84	2	-0.9958	0.71038	0.71312	0.999441	700	1	-0.9958
PRTN3	5	0.023197	0.071589	0.79158	85	2	0.00076149	0.1077	0.24108	0.999441	227	2	0.00076149
YWHAE	4	0.023219	0.06553	0.786197	86	3	-0.72387	0.8953	0.89449	0.999441	838	0	-0.72387
SDHAF2	3	0.02374	0.059777	0.786197	87	2	-1.393	0.58915	0.61119	0.999441	642	1	-1.393
PDE1A	5	0.023919	0.073401	0.79158	88	4	-0.63176	0.99389	0.99378	0.999441	986	0	-0.63176
MYLK4	5	0.024265	0.074322	0.79158	89	2	-0.20744	0.32255	0.50889	0.999441	442	1	-0.20744
SPP2	5	0.025112	0.07649	0.79158	90	4	-0.62541	0.98369	0.98358	0.999441	971	0	-0.62541
KLRD1	3	0.025795	0.06446	0.786197	91	3	-0.63474	0.9742	0.97411	0.999441	955	0	-0.63474
VMN1R80	4	0.026591	0.072926	0.79158	92	3	-0.63599	0.93011	0.92913	0.999441	889	0	-0.63599
PRR5	5	0.026702	0.080748	0.79158	93	3	-0.64964	0.5486	0.69385	0.999441	601	2	-0.64964
SLC34A2	5	0.026867	0.081203	0.79158	94	4	-0.7414	0.99057	0.99008	0.999441	981	0	-0.7414
OLFR434	3	0.026894	0.066827	0.786197	95	3	-0.46286	0.97311	0.97307	0.999441	953	0	-0.46286
APOE	5	0.027465	0.083015	0.79158	96	4	-0.81723	0.75066	0.79693	0.999441	720	1	-0.81723
SESN1	5	0.027738	0.083757	0.79158	97	4	-0.70136	0.91418	0.91474	0.999441	867	0	-0.70136
RC3H1	5	0.027889	0.084114	0.79158	98	3	-0.85124	0.94225	0.94283	0.999441	909	0	-0.85124
GRAMD1C	5	0.028076	0.084579	0.79158	99	2	-0.090752	0.08032	0.1982	0.999441	188	2	-0.090752
SLC25A19	5	0.02853	0.085728	0.79158	100	1	0.38684	0.037417	0.10912	0.89082	112	4	0.38684
PDILT	5	0.02855	0.085767	0.79158	101	4	-0.49894	0.47069	0.62845	0.999441	541	1	-0.49894
AK8	5	0.028771	0.086282	0.79158	102	3	-0.85433	0.98794	0.98793	0.999441	976	0	-0.85433
SLITRK2	5	0.029593	0.088351	0.794387	103	2	0.43542	0.2032	0.38029	0.999441	336	3	0.43542
LTV1	4	0.029665	0.07952	0.79158	104	2	-0.31699	0.30455	0.4494	0.999441	430	2	-0.31699
BEX6	4	0.030332	0.080757	0.79158	105	2	-0.48722	0.76145	0.77192	0.999441	724	1	-0.48722
CMAS	5	0.030589	0.091114	0.794387	106	3	-0.49869	0.93906	0.9399	0.999441	903	0	-0.49869
MRGPRB8	5	0.030656	0.091282	0.794387	107	1	-0.16133	0.8885	0.88857	0.999441	828	1	-0.16133
OLFR1387	4	0.030972	0.082213	0.79158	108	3	-0.95729	0.90445	0.90325	0.999441	850	0	-0.95729
EPB4.1L3	5	0.031712	0.093738	0.794387	109	4	-0.50023	0.96392	0.96415	0.999441	941	0	-0.50023
MON1A	5	0.031718	0.093738	0.794387	110	3	-0.36062	0.022211	0.069817	0.775743	85	2	-0.36062
AKAP9	4	0.031855	0.083995	0.79158	111	2	-0.6968	0.81052	0.81227	0.999441	758	1	-0.6968
RPAIN	5	0.032779	0.096629	0.803293	112	2	-0.1317	0.1226	0.2628	0.999441	247	2	-0.1317
SIGLECG	5	0.033308	0.097985	0.803293	113	3	-0.77576	0.063383	0.17139	0.966987	168	2	-0.77576
SIRT2	5	0.033839	0.099302	0.803293	114	2	0.18125	0.36661	0.54509	0.999441	472	2	0.18125
OLFR389	3	0.034048	0.082787	0.79158	115	3	-0.58135	0.96595	0.9657	0.999441	942	0	-0.58135
LGALS3BP	5	0.035208	0.10274	0.803293	116	4	-0.5226	0.53477	0.6821	0.999441	593	1	-0.5226
P2RY6	4	0.035513	0.091322	0.794387	117	3	-0.85662	0.90828	0.90703	0.999441	860	0	-0.85662
VMN1R237	5	0.035883	0.1046	0.803293	118	4	-0.48934	0.96813	0.96835	0.999441	946	0	-0.48934
TAAR7D	4	0.035909	0.092104	0.794387	119	3	-0.83293	0.90127	0.90032	0.999441	848	0	-0.83293
KLK13	5	0.035956	0.10484	0.803293	120	1	0.5302	0.037013	0.10818	0.89082	111	3	0.5302
CERKL	5	0.035979	0.10489	0.803293	121	3	-0.96609	0.98474	0.98466	0.999441	974	0	-0.96609
CHL1	5	0.036066	0.10505	0.803293	122	4	-0.70249	0.92747	0.92796	0.999441	884	0	-0.70249
OLFR484	3	0.036184	0.087876	0.794387	123	3	-0.65296	0.96382	0.96372	0.999441	940	0	-0.65296
C030006K11RIK	5	0.036425	0.10603	0.803293	124	3	-0.87505	0.5719	0.71366	0.999441	627	1	-0.87505
RBFOX3	4	0.036518	0.093371	0.794387	125	2	-0.26852	0.92637	0.92552	0.999441	882	0	-0.26852
FMN1	5	0.037013	0.10764	0.80404	126	2	-0.36364	0.85827	0.86255	0.999441	798	1	-0.36364
AMBN	5	0.038069	0.11004	0.80404	127	4	-0.80239	0.94719	0.94741	0.999441	915	0	-0.80239
REG3G	5	0.038112	0.11015	0.80404	128	3	-0.66884	0.82749	0.84084	0.999441	768	1	-0.66884
SFTPA1	4	0.038858	0.097985	0.803293	129	3	-0.73531	0.94039	0.93953	0.999441	907	0	-0.73531
RAB3A	4	0.039057	0.098312	0.803293	130	1	0.011085	0.23437	0.37947	0.999441	362	1	0.011085
SMAP1	5	0.039305	0.11327	0.804339	131	3	-0.65433	0.20165	0.37824	0.999441	334	2	-0.65433
MCM3AP	5	0.040101	0.11518	0.804339	132	2	0.34027	0.053339	0.14907	0.966987	146	2	0.34027
UVRAG	5	0.040179	0.11535	0.804339	133	2	-0.32967	0.93164	0.93225	0.999441	893	0	-0.32967
HSP90AA1	4	0.040334	0.1011	0.803293	134	2	-0.33602	0.71599	0.73973	0.999441	703	1	-0.33602
SYNE2	5	0.04052	0.11617	0.804339	135	3	-0.67568	0.26822	0.46531	0.999441	401	2	-0.67568
FBXO2	5	0.041232	0.11846	0.804339	136	2	0.4396	0.23438	0.4241	0.999441	363	3	0.4396
RAB11FIP2	5	0.041525	0.11917	0.804339	137	4	-0.49952	0.78306	0.814	0.999441	736	1	-0.49952
DOCK11	5	0.041626	0.11946	0.804339	138	4	-0.5387	0.96236	0.9628	0.999441	939	0	-0.5387
COL4A5	5	0.041792	0.11976	0.804339	139	2	0.099027	0.56745	0.70967	0.999441	622	2	0.099027
SLC7A3	5	0.04183	0.11985	0.804339	140	4	-0.45344	0.7503	0.79674	0.999441	719	1	-0.45344
IFNA2	2	0.042056	0.075609	0.79158	141	2	-0.53417	0.95794	0.95771	0.999441	932	0	-0.53417
APOL10A	4	0.042435	0.10531	0.803293	142	3	-0.51451	0.8316	0.83192	0.999441	773	1	-0.51451
ATG4B	5	0.042753	0.12236	0.805972	143	4	-0.43284	0.92606	0.92661	0.999441	881	0	-0.43284
SIRT5	5	0.043221	0.1236	0.805972	144	4	-0.52282	0.99458	0.99466	0.999441	989	0	-0.52282
PDE9A	5	0.044008	0.1254	0.805972	145	2	0.19077	0.3588	0.53854	0.999441	465	2	0.19077
NRIP1	5	0.044257	0.126	0.805972	146	3	-0.69442	0.84404	0.852	0.999441	785	1	-0.69442
0610031J06RIK	5	0.04444	0.12645	0.805972	147	3	-0.8336	0.97937	0.97899	0.999441	962	0	-0.8336
FAM83C	5	0.04475	0.127	0.805972	148	4	-0.60464	0.77805	0.81122	0.999441	732	1	-0.60464
FAM46D	5	0.044963	0.12751	0.805972	149	4	-0.44933	0.93813	0.93892	0.999441	902	0	-0.44933
1700016C15RIK	5	0.045512	0.12896	0.805972	150	2	-0.16266	0.95685	0.95745	0.999441	930	0	-0.16266
ZFP235	4	0.046645	0.11337	0.804339	151	1	0.033633	0.91284	0.91161	0.999441	866	0	0.033633
4833442J19RIK	5	0.047071	0.13315	0.822607	152	3	-0.93678	0.35271	0.53365	0.999441	462	1	-0.93678
RAVER1	5	0.047817	0.13506	0.828616	153	3	-0.74936	0.26643	0.46386	0.999441	397	2	-0.74936
FLYWCH2	3	0.047896	0.10899	0.80404	154	1	-0.31009	0.91911	0.91908	0.999441	870	0	-0.31009
ITGB8	5	0.048582	0.13705	0.830633	155	2	-0.13909	0.10477	0.23633	0.999441	221	1	-0.13909
OLFR878	5	0.049274	0.13882	0.831239	156	4	-0.3788	0.97947	0.97909	0.999441	964	0	-0.3788
MAGEA10	5	0.050019	0.14062	0.832064	157	4	-0.3966	0.99483	0.99496	0.999441	991	0	-0.3966
TRPM4	5	0.050539	0.14199	0.832465	158	4	-0.51238	0.80059	0.8236	0.999441	750	1	-0.51238
OAS3	5	0.050672	0.14235	0.832465	159	2	-0.44795	0.39318	0.5661	0.999441	488	1	-0.44795
ZFP648	5	0.051716	0.14423	0.836521	160	3	-0.46041	0.52207	0.67169	0.999441	585	2	-0.46041
TAS2R124	5	0.052596	0.14582	0.836521	161	3	-0.65871	0.81144	0.83034	0.999441	759	1	-0.65871
OLFR65	5	0.052913	0.14639	0.836521	162	3	-0.5758	0.53917	0.68602	0.999441	597	2	-0.5758
GM933	4	0.053352	0.12654	0.805972	163	2	-0.10338	0.13736	0.27988	0.999441	269	2	-0.10338
GLI3	5	0.053609	0.14772	0.839306	164	3	-0.62066	0.98565	0.98556	0.999441	975	0	-0.62066
MYCBP	4	0.054188	0.12841	0.805972	165	2	-0.27672	0.20691	0.35194	0.999441	338	1	-0.27672
LTBP2	5	0.055818	0.15117	0.845419	166	3	-0.53546	0.54089	0.68749	0.999441	599	2	-0.53546
OBOX3	3	0.056094	0.1211	0.805972	167	2	-0.32331	0.80108	0.8021	0.999441	751	0	-0.32331
TAS2R119	4	0.056693	0.13326	0.822607	168	1	-0.21592	0.79439	0.79804	0.999441	742	1	-0.21592
ARMCX5	5	0.056886	0.15298	0.845419	169	2	-0.19266	0.97201	0.97178	0.999441	952	0	-0.19266
OLFR761	2	0.056889	0.10082	0.803293	170	1	-0.50222	0.77068	0.76786	0.999441	728	0	-0.50222
ZFP157	5	0.056924	0.15303	0.845419	171	2	-0.15057	0.062626	0.17004	0.966987	164	2	-0.15057
SYN1	5	0.057303	0.15368	0.845419	172	3	-0.72399	0.97766	0.97734	0.999441	960	0	-0.72399
MOG	5	0.05744	0.15387	0.845419	173	2	0.45932	0.12796	0.27073	0.999441	254	3	0.45932
2610020H08RIK	5	0.059001	0.1562	0.853568	174	3	-0.62575	0.96861	0.96879	0.999441	948	0	-0.62575
OLFR1206	4	0.059192	0.138	0.831239	175	3	-0.53547	0.89674	0.89589	0.999441	840	0	-0.53547
CCT6B	5	0.059828	0.15756	0.856301	176	3	-0.61533	0.082619	0.20198	0.999441	189	1	-0.61533
B4GALT2	5	0.061073	0.15958	0.857884	177	1	0.49384	0.060241	0.16445	0.966987	157	3	0.49384
ADAMTS16	5	0.062108	0.16116	0.857884	178	2	-0.17693	0.30523	0.49449	0.999441	431	1	-0.17693
DLK2	5	0.062153	0.16128	0.857884	179	3	-0.7212	0.29294	0.48491	0.999441	420	2	-0.7212
GM4871	4	0.063197	0.14551	0.836521	180	3	-0.60012	0.31577	0.46095	0.999441	438	1	-0.60012
AI836003	5	0.065208	0.16617	0.864827	181	1	0.33571	0.21422	0.39549	0.999441	346	2	0.33571
AA467197	3	0.066504	0.13594	0.828876	182	2	-0.89755	0.94846	0.94836	0.999441	919	0	-0.89755
DCBLD2	5	0.066862	0.16898	0.864827	183	3	-0.73251	0.85747	0.86182	0.999441	797	1	-0.73251
4930511M11RIK	5	0.067589	0.1701	0.864827	184	3	-0.59532	0.39004	0.56358	0.999441	486	2	-0.59532
CAR13	5	0.068956	0.17233	0.864827	185	2	-0.28001	0.93316	0.9338	0.999441	895	0	-0.28001
SEZ6	5	0.069329	0.17297	0.864827	186	2	0.24912	0.52224	0.67185	0.999441	586	1	0.24912
GAMT	5	0.071055	0.17597	0.875449	187	2	-0.42582	0.59668	0.73501	0.999441	648	2	-0.42582
WDR34	5	0.071763	0.17708	0.876654	188	3	-0.6584	0.9512	0.95148	0.999441	923	0	-0.6584
GM10334	1	0.073078	0.073619	0.79158	189	1	-1.1397	0.92692	0.92748	0.999441	883	0	-1.1397
TRIB3	4	0.073262	0.16443	0.864827	190	2	-0.58161	0.84535	0.84576	0.999441	788	0	-0.58161
ANO3	5	0.074458	0.18147	0.88956	191	1	0.040525	0.1333	0.27859	0.999441	261	2	0.040525
DNAJC8	4	0.074906	0.16751	0.864827	192	1	0.99249	0.036008	0.094748	0.89082	110	3	0.99249
CHD3	5	0.076252	0.1844	0.891735	193	2	-0.25264	0.42185	0.58926	0.999441	510	2	-0.25264
APOL7A	4	0.076549	0.17107	0.864827	194	3	-0.5453	0.59053	0.66904	0.999441	644	1	-0.5453
KLRA4	3	0.077931	0.1516	0.845419	195	2	-0.60294	0.92414	0.92402	0.999441	879	0	-0.60294
KHDRBS3	5	0.079566	0.18978	0.91049	196	2	-0.47646	0.9766	0.9763	0.999441	959	0	-0.47646
FAM19A2	5	0.080426	0.1912	0.91049	197	3	-0.61346	0.92338	0.92376	0.999441	877	0	-0.61346
TBC1D12	4	0.082804	0.1827	0.89121	198	2	-0.86693	0.94779	0.94705	0.999441	917	0	-0.86693
TMEM198	5	0.083022	0.19563	0.916409	199	2	0.13681	0.7025	0.77497	0.999441	697	1	0.13681
VMN1R78	5	0.083502	0.19636	0.916409	200	3	-0.59185	0.87876	0.88014	0.999441	819	1	-0.59185
MTHFR	5	0.083635	0.1966	0.916409	201	2	-0.0045319	0.68518	0.76843	0.999441	689	1	-0.0045319
SERPINA1D	4	0.083733	0.18459	0.891735	202	3	-0.54289	0.81584	0.81723	0.999441	762	1	-0.54289
NMI	5	0.084083	0.19737	0.916409	203	3	-0.63006	0.70126	0.77442	0.999441	696	1	-0.63006
SYT7	5	0.085115	0.199	0.916409	204	3	-0.74714	0.32624	0.51189	0.999441	445	2	-0.74714
FBXO31	5	0.085322	0.19928	0.916409	205	3	-0.8772	0.9453	0.9457	0.999441	914	0	-0.8772
FRS3	5	0.085665	0.19978	0.916409	206	2	-0.064219	0.25884	0.45763	0.999441	393	2	-0.064219
OLFR993	4	0.087182	0.19104	0.91049	207	2	-0.31706	0.069965	0.15984	0.966987	175	1	-0.31706
OLFR1170	3	0.087887	0.1653	0.864827	208	2	-0.64706	0.60183	0.62113	0.999441	651	1	-0.64706
CTTNBP2NL	5	0.089016	0.20546	0.928075	209	2	-0.21065	0.66571	0.76066	0.999441	677	1	-0.21065
A830018L16RIK	4	0.089271	0.19478	0.916409	210	3	-0.53	0.88046	0.88068	0.999441	821	0	-0.53
SYTL5	5	0.089628	0.20666	0.928075	211	3	-0.59853	0.92366	0.92403	0.999441	878	0	-0.59853
GHITM	5	0.089713	0.2068	0.928075	212	2	-0.022328	0.57024	0.71225	0.999441	626	1	-0.022328
GM11487	3	0.090439	0.1691	0.864827	213	2	-0.71098	0.93483	0.93444	0.999441	897	0	-0.71098
VSNL1	5	0.090589	0.2083	0.928075	214	3	-0.75222	0.82909	0.84175	0.999441	769	1	-0.75222
CKM	5	0.09091	0.20882	0.928075	215	3	-0.63797	0.28665	0.47995	0.999441	413	2	-0.63797
TRIM35	5	0.091987	0.21063	0.929308	216	3	-0.50724	0.48908	0.64352	0.999441	556	1	-0.50724
OLFR1105	5	0.092652	0.2118	0.929308	217	2	-0.23974	0.80475	0.82609	0.999441	754	1	-0.23974
MINPP1	3	0.093021	0.17294	0.864827	218	2	-0.73355	0.54058	0.57704	0.999441	598	1	-0.73355
FTSJD1	4	0.093509	0.20253	0.924793	219	2	-0.59177	0.69707	0.72781	0.999441	692	1	-0.59177
SLC16A4	5	0.093746	0.21393	0.929308	220	2	-0.24922	0.84563	0.85314	0.999441	789	1	-0.24922
ACOT12	5	0.094992	0.21587	0.929308	221	2	0.62835	0.10787	0.24133	0.999441	228	3	0.62835
OXNAD1	5	0.096002	0.21734	0.929308	222	2	-0.15654	0.21637	0.39869	0.999441	349	1	-0.15654
CAR7	5	0.096677	0.21846	0.929308	223	3	-0.50293	0.3442	0.52662	0.999441	456	1	-0.50293
KRTAP9-5	5	0.096762	0.21858	0.929308	224	2	-0.0061303	0.88925	0.88914	0.999441	829	1	-0.0061303
PLIN2	4	0.097006	0.20851	0.928075	225	2	-0.47751	0.53187	0.64045	0.999441	591	1	-0.47751
ALX4	5	0.097693	0.22009	0.929308	226	3	-0.37184	0.36036	0.54003	0.999441	468	2	-0.37184
MYOF	5	0.097766	0.22022	0.929308	227	1	-0.27297	0.90302	0.90271	0.999441	849	0	-0.27297
AVEN	3	0.098274	0.18015	0.887455	228	2	-0.67056	0.95307	0.95283	0.999441	925	0	-0.67056
EI24	5	0.098694	0.22179	0.929308	229	3	-0.53272	0.89654	0.89614	0.999441	839	1	-0.53272
JDP2	5	0.098768	0.22192	0.929308	230	3	-0.51945	0.50784	0.65974	0.999441	572	2	-0.51945
IL12A	2	0.098997	0.1701	0.864827	231	2	-0.48091	0.901	0.89996	0.999441	847	0	-0.48091
AXIN2	5	0.099395	0.22295	0.929308	232	2	-0.41401	0.12352	0.26414	0.999441	248	2	-0.41401
PLXNA4	5	0.099593	0.22322	0.929308	233	3	-0.62425	0.37992	0.55598	0.999441	480	1	-0.62425
PPPDE1	4	0.10151	0.21708	0.929308	234	3	-0.39744	0.94368	0.94278	0.999441	911	0	-0.39744
WISP2	5	0.10177	0.22597	0.929308	235	2	0.35779	0.24425	0.43746	0.999441	380	3	0.35779
ZFP109	5	0.10335	0.22839	0.929308	236	3	-0.37968	0.95283	0.95312	0.999441	924	0	-0.37968
CYB5	5	0.10369	0.22896	0.929308	237	3	-0.68096	0.82112	0.83642	0.999441	764	1	-0.68096
CRB1	5	0.10415	0.22961	0.929308	238	3	-0.49978	0.83791	0.84754	0.999441	779	1	-0.49978
BZW1	5	0.10477	0.23045	0.929308	239	3	-0.28725	0.70043	0.77415	0.999441	695	1	-0.28725
E2F7	5	0.10665	0.23368	0.929308	240	2	-0.099389	0.55668	0.70056	0.999441	614	2	-0.099389
NAA11	5	0.10676	0.23384	0.929308	241	2	-0.40549	0.9832	0.98298	0.999441	969	0	-0.40549
SSBP4	5	0.107	0.23418	0.929308	242	2	-0.07253	0.32693	0.51232	0.999441	446	1	-0.07253
NMRAL1	5	0.1077	0.2353	0.929308	243	3	-0.48126	0.45445	0.61517	0.999441	531	1	-0.48126
AGPAT9	4	0.10835	0.22969	0.929308	244	2	-0.2955	0.19067	0.33654	0.999441	324	2	-0.2955
CTXN2	1	0.10836	0.10914	0.80404	245	1	-0.79723	0.89164	0.89269	0.999441	834	0	-0.79723
COL6A3	5	0.10875	0.23687	0.929308	246	3	-0.345	0.86597	0.86877	0.999441	804	1	-0.345
TMEM161B	5	0.10974	0.23839	0.929308	247	2	-0.14353	0.1987	0.37403	0.999441	330	2	-0.14353
GM12769	1	0.11032	0.11113	0.804339	248	1	-0.83674	0.88968	0.89072	0.999441	831	0	-0.83674
B4GALT5	5	0.11073	0.23988	0.929308	249	1	0.041874	0.93718	0.93803	0.999441	900	0	0.041874
HAS3	5	0.11166	0.24114	0.929308	250	3	-0.71072	0.84043	0.84922	0.999441	784	1	-0.71072
IZUMO3	5	0.11271	0.24282	0.929308	251	2	-0.26541	0.65095	0.75519	0.999441	671	1	-0.26541
LY6C2	1	0.11316	0.1137	0.804339	252	1	-0.81553	0.88684	0.88775	0.999441	827	0	-0.81553
LGALS3	5	0.1137	0.24414	0.929308	253	3	-0.46584	0.1137	0.24965	0.999441	237	2	-0.46584
SNAP25	5	0.11373	0.24418	0.929308	254	2	-0.26847	0.84018	0.84908	0.999441	782	1	-0.26847
KIF1B	5	0.11455	0.24529	0.929308	255	3	-0.67342	0.95738	0.95785	0.999441	931	0	-0.67342
MDM1	5	0.11469	0.24543	0.929308	256	2	0.21051	0.86443	0.8676	0.999441	802	1	0.21051
OLFR1442	4	0.11491	0.24103	0.929308	257	2	-0.15015	0.63519	0.69196	0.999441	664	1	-0.15015
BRD8	5	0.11516	0.24622	0.929308	258	2	0.83821	0.10438	0.2358	0.999441	220	3	0.83821
ALDH2	5	0.1157	0.24701	0.929308	259	2	-0.44795	0.84514	0.85276	0.999441	787	1	-0.44795
SPRR2B	4	0.11577	0.24261	0.929308	260	2	-0.57384	0.86652	0.86655	0.999441	805	0	-0.57384
3110079O15RIK	5	0.11624	0.24792	0.929308	261	2	0.57566	0.16763	0.32977	0.999441	306	3	0.57566
PUSL1	5	0.11698	0.24905	0.929308	262	3	-0.91716	0.88273	0.8835	0.999441	822	1	-0.91716
NQO1	5	0.11919	0.25218	0.933123	263	3	-0.51425	0.57499	0.71612	0.999441	630	2	-0.51425
POLM	4	0.12166	0.25239	0.933123	264	1	-0.3573	0.82964	0.82992	0.999441	771	1	-0.3573
LRRC7	5	0.12205	0.25691	0.93606	265	2	-0.25438	0.97176	0.97157	0.999441	951	0	-0.25438
HCN1	5	0.1223	0.25734	0.93606	266	3	-0.62943	0.55329	0.69788	0.999441	608	2	-0.62943
GM20580	3	0.12358	0.2135	0.929308	267	1	-0.064596	0.80473	0.80561	0.999441	753	0	-0.064596
CTNND1	5	0.12426	0.26024	0.93606	268	2	1.2575	0.039641	0.11442	0.89082	121	3	1.2575
CBR3	5	0.12444	0.26044	0.93606	269	3	-0.65835	0.98192	0.98169	0.999441	967	0	-0.65835
PCDH15	5	0.12452	0.26058	0.93606	270	1	0.16919	0.51251	0.66361	0.999441	577	2	0.16919
RELL1	5	0.1255	0.26215	0.93606	271	1	-0.039708	0.47881	0.63531	0.999441	548	2	-0.039708
CPNE8	5	0.12721	0.26479	0.93606	272	3	-0.46882	0.18125	0.34866	0.999441	317	1	-0.46882
ZMYND10	5	0.12746	0.26528	0.93606	273	1	0.0050421	0.38511	0.56008	0.999441	484	2	0.0050421
SHPK	5	0.12758	0.26547	0.93606	274	2	-0.16072	0.89865	0.89814	0.999441	841	0	-0.16072
E030018B13RIK	5	0.12833	0.26656	0.93606	275	2	-0.32058	0.16111	0.32	0.999441	297	1	-0.32058
THAP2	5	0.12843	0.26678	0.93606	276	1	0.048067	0.86465	0.86779	0.999441	803	1	0.048067
ZFP808	4	0.13032	0.26186	0.93606	277	2	-0.39621	0.60462	0.67593	0.999441	652	1	-0.39621
SETD2	5	0.13096	0.27064	0.946289	278	3	-0.47086	0.93742	0.93828	0.999441	901	0	-0.47086
D17H6S56E-3	5	0.1333	0.27409	0.954861	279	1	0.54948	0.098267	0.22718	0.999441	210	3	0.54948
SLC25A12	5	0.13448	0.27614	0.954861	280	3	-0.50516	0.9511	0.95134	0.999441	922	0	-0.50516
FBXO17	5	0.13524	0.27714	0.954861	281	2	-0.38921	0.2244	0.41065	0.999441	354	2	-0.38921
SPINK10	5	0.13698	0.27992	0.954861	282	2	-0.075842	0.49824	0.65176	0.999441	567	1	-0.075842
DEPDC7	5	0.13718	0.28027	0.954861	283	2	0.2623	0.48126	0.63726	0.999441	551	2	0.2623
NRIP2	5	0.13863	0.28262	0.954861	284	2	-0.026175	0.29294	0.48491	0.999441	416	2	-0.026175
DOK7	5	0.13872	0.28279	0.954861	285	3	-0.63487	0.84612	0.85346	0.999441	791	1	-0.63487
PPCDC	5	0.13925	0.28376	0.954861	286	3	-0.49347	0.6381	0.75061	0.999441	666	1	-0.49347
ARSA	5	0.13926	0.28376	0.954861	287	2	-0.43222	0.67601	0.76454	0.999441	681	1	-0.43222
HIST1H2BL	1	0.13973	0.14027	0.832064	288	1	-1.2147	0.86027	0.86126	0.999441	799	0	-1.2147
SLC38A5	5	0.14104	0.28666	0.954861	289	3	-0.30673	0.87405	0.87583	0.999441	816	1	-0.30673
SPATA16	5	0.14207	0.28798	0.954861	290	3	-0.4981	0.93964	0.94058	0.999441	905	0	-0.4981
A230065H16RIK	5	0.14274	0.28894	0.954861	291	3	-0.57017	0.1516	0.30626	0.999441	285	1	-0.57017
MGAT1	5	0.14348	0.29012	0.954861	292	2	0.1858	0.27921	0.47374	0.999441	407	2	0.1858
OLFR1030	5	0.14356	0.29021	0.954861	293	3	-0.31187	0.059115	0.16214	0.966987	153	2	-0.31187
MN1	5	0.14393	0.29078	0.954861	294	2	0.2151	0.067768	0.17822	0.982347	173	2	0.2151
SRCRB4D	5	0.1441	0.29102	0.954861	295	3	-0.60012	0.98299	0.98275	0.999441	968	0	-0.60012
GFI1	5	0.14425	0.29123	0.954861	296	2	-0.24198	0.8943	0.89405	0.999441	837	1	-0.24198
SYT1	5	0.14586	0.29367	0.959158	297	1	0.14476	0.49947	0.65263	0.999441	568	2	0.14476
CCDC60	5	0.14681	0.29504	0.959158	298	2	-0.00060361	0.12758	0.27022	0.999441	253	2	-0.00060361
TMEM106B	5	0.1471	0.29542	0.959158	299	3	-0.52394	0.46985	0.62788	0.999441	540	2	-0.52394
HUNK	5	0.14777	0.29639	0.959194	300	2	0.68043	0.090218	0.21419	0.999441	198	3	0.68043
PIH1D2	5	0.1493	0.29893	0.964277	301	3	-0.37565	0.4946	0.6484	0.999441	562	2	-0.37565
SKINT8	3	0.14975	0.2473	0.929308	302	2	-0.41332	0.71394	0.71681	0.999441	702	1	-0.41332
ATP10B	5	0.15041	0.30075	0.965426	303	3	-0.5434	0.55564	0.69972	0.999441	613	1	-0.5434
PRAMEL6	5	0.15064	0.30121	0.965426	304	2	-0.27364	0.32075	0.5075	0.999441	441	2	-0.27364
DIS3	5	0.15164	0.30273	0.965772	305	2	-0.051301	0.69856	0.77337	0.999441	693	1	-0.051301
SPATA2	5	0.15203	0.30325	0.965772	306	2	-0.097016	0.65515	0.75676	0.999441	674	1	-0.097016
ARL4C	5	0.15306	0.30465	0.967138	307	3	-0.59376	0.53313	0.68071	0.999441	592	2	-0.59376
LEAP2	4	0.15379	0.28636	0.954861	308	2	-0.33614	0.91857	0.91759	0.999441	869	0	-0.33614
DEFB20	3	0.15399	0.25288	0.933123	309	2	-0.42645	0.56766	0.59595	0.999441	624	1	-0.42645
GLI2	5	0.15404	0.30632	0.969373	310	3	-0.46734	0.91997	0.9205	0.999441	871	0	-0.46734
HIAT1	5	0.15597	0.30891	0.970126	311	2	0.23791	0.80622	0.82698	0.999441	755	1	0.23791
C9	5	0.15601	0.30894	0.970126	312	3	-0.37512	0.74886	0.79611	0.999441	718	1	-0.37512
CYP1A1	5	0.15636	0.30947	0.970126	313	1	0.61528	0.050539	0.14215	0.966987	138	4	0.61528
XRN1	5	0.15731	0.31073	0.971024	314	2	-0.1003	0.30661	0.49572	0.999441	432	2	-0.1003
RWDD2A	5	0.15921	0.31375	0.977407	315	1	0.019522	0.1255	0.26709	0.999441	250	2	0.019522
GM2030	1	0.15977	0.15944	0.857884	316	1	-0.75351	0.84023	0.84114	0.999441	783	0	-0.75351
ACAT1	5	0.16084	0.31625	0.977565	317	3	-0.4429	0.93556	0.93641	0.999441	898	0	-0.4429
HEXB	5	0.16153	0.31745	0.977565	318	2	-0.27349	0.25329	0.45002	0.999441	388	1	-0.27349
ARHGAP22	5	0.16193	0.31795	0.977565	319	2	-0.22178	0.30034	0.49061	0.999441	426	1	-0.22178
1700019D03RIK	3	0.16236	0.26318	0.93606	320	2	-0.56809	0.84455	0.84574	0.999441	786	0	-0.56809
SLC40A1	5	0.16253	0.31903	0.977565	321	2	-0.15062	0.8728	0.87462	0.999441	815	1	-0.15062
5730409E04RIK	5	0.163	0.31973	0.977565	322	2	0.18784	0.091655	0.21663	0.999441	201	2	0.18784
3110062M04RIK	5	0.16371	0.32094	0.977565	323	3	-0.32259	0.03589	0.10519	0.89082	109	2	-0.32259
IL1RAPL1	5	0.16429	0.32162	0.977565	324	3	-0.49887	0.74705	0.7952	0.999441	717	1	-0.49887
XKR4	5	0.16661	0.32523	0.979797	325	3	-0.52597	0.0085641	0.031946	0.54145	57	2	-0.52597
9530077C05RIK	5	0.16677	0.32551	0.979797	326	1	-0.086001	0.44193	0.60511	0.999441	524	1	-0.086001
UFM1	2	0.16805	0.2341	0.929308	327	1	-0.45739	0.55821	0.55694	0.999441	616	1	-0.45739
UBN1	5	0.17146	0.33219	0.983611	328	1	0.28305	0.63954	0.75116	0.999441	667	1	0.28305
LHFPL1	5	0.17159	0.33245	0.983611	329	3	-0.33196	0.20917	0.38872	0.999441	341	2	-0.33196
9330182L06RIK	5	0.1716	0.33246	0.983611	330	3	-0.25845	0.57895	0.71975	0.999441	632	2	-0.25845
BPIFB1	5	0.1724	0.33354	0.983893	331	1	0.46146	0.22766	0.41498	0.999441	356	3	0.46146
UCK1	5	0.17427	0.33607	0.985134	332	1	1.6887	0.012306	0.04252	0.634624	67	3	1.6887
PSG16	5	0.17485	0.33692	0.985134	333	2	-0.18676	0.82935	0.8419	0.999441	770	1	-0.18676
PRL2A1	3	0.17521	0.27982	0.954861	334	2	-0.45283	0.95675	0.95661	0.999441	929	0	-0.45283
SLC6A20A	5	0.18079	0.34557	0.996713	335	2	0.11555	0.64765	0.754	0.999441	670	1	0.11555
PACRG	5	0.18172	0.3469	0.996713	336	1	0.086609	0.55164	0.69651	0.999441	607	1	0.086609
PKP1	5	0.18264	0.34833	0.996713	337	2	-0.27512	0.32532	0.51116	0.999441	444	2	-0.27512
0610009O20RIK	5	0.18265	0.34834	0.996713	338	1	0.70744	0.1131	0.24884	0.999441	234	3	0.70744
4930444A02RIK	5	0.1845	0.35107	0.996713	339	3	-0.38359	0.81187	0.83062	0.999441	760	1	-0.38359
ROBO3	5	0.18636	0.35378	0.996713	340	2	-0.34746	0.53181	0.67958	0.999441	590	1	-0.34746
ALAS2	5	0.18679	0.35448	0.996713	341	3	-0.41548	0.78354	0.81428	0.999441	737	1	-0.41548
PHYHIP	5	0.18727	0.35511	0.996713	342	2	-0.24972	0.4421	0.60529	0.999441	525	2	-0.24972
ABCC12	5	0.1874	0.35533	0.996713	343	2	-0.35486	0.45838	0.61806	0.999441	535	2	-0.35486
BRE	2	0.18741	0.24817	0.929308	344	1	-0.33072	0.61612	0.61394	0.999441	658	0	-0.33072
SLC26A1	5	0.18802	0.35625	0.996713	345	2	0.78303	0.090218	0.21419	0.999441	199	3	0.78303
GPR156	5	0.18848	0.35699	0.996713	346	3	-0.42739	0.8071	0.82743	0.999441	756	1	-0.42739
LAMB3	5	0.19011	0.3593	0.996713	347	2	-0.099233	0.2337	0.42314	0.999441	361	2	-0.099233
OLFR1013	4	0.19216	0.32734	0.980065	348	2	-0.22792	0.86891	0.86905	0.999441	810	0	-0.22792
WDR26	5	0.19554	0.36734	0.996713	349	2	0.084859	0.49384	0.64781	0.999441	560	1	0.084859
ACP2	5	0.19641	0.36868	0.996713	350	3	-0.40314	0.95451	0.95503	0.999441	926	0	-0.40314
SLC25A23	5	0.19782	0.37093	0.996713	351	3	-0.48533	0.51705	0.66742	0.999441	581	2	-0.48533
PTGER1	5	0.19786	0.37103	0.996713	352	2	0.94282	0.11094	0.24585	0.999441	231	3	0.94282
CDK11B	5	0.20066	0.37494	0.996713	353	3	-0.41925	0.013527	0.045955	0.64726	70	2	-0.41925
F10	5	0.20098	0.37552	0.996713	354	3	-0.3271	0.92296	0.92341	0.999441	876	0	-0.3271
KIF11	4	0.20112	0.33628	0.985134	355	2	0.057355	0.041592	0.10584	0.89082	125	2	0.057355
6430598A04RIK	5	0.20129	0.37602	0.996713	356	3	-0.36235	0.43713	0.60121	0.999441	522	1	-0.36235
2310033E01RIK	5	0.20147	0.37623	0.996713	357	1	1.187	0.05682	0.15696	0.966987	151	4	1.187
RPUSD2	5	0.20147	0.37623	0.996713	358	1	1.6032	0.022211	0.069817	0.775743	86	3	1.6032
4932438A13RIK	5	0.20187	0.3768	0.996713	359	2	0.073567	0.88612	0.88636	0.999441	826	1	0.073567
IL4	4	0.20324	0.33863	0.987256	360	1	-0.0060338	0.4556	0.6029	0.999441	533	2	-0.0060338
ARHGAP32	5	0.20356	0.37917	0.996713	361	2	0.0074368	0.55479	0.69906	0.999441	611	1	0.0074368
AI314180	5	0.20374	0.37939	0.996713	362	2	-0.13327	0.30388	0.4935	0.999441	429	2	-0.13327
TLE3	5	0.20398	0.37975	0.996713	363	2	-0.2566	0.65142	0.75527	0.999441	672	1	-0.2566
TBC1D10C	5	0.20479	0.38096	0.997266	364	3	-0.30796	0.93113	0.93163	0.999441	892	0	-0.30796
2310033P09RIK	5	0.20646	0.38349	0.997801	365	1	1.6811	0.033734	0.099678	0.89082	105	4	1.6811
BPIFA3	5	0.20671	0.3838	0.997801	366	3	-0.25934	0.86684	0.8696	0.999441	806	1	-0.25934
DVL2	5	0.20696	0.38415	0.997801	367	2	0.02776	0.048582	0.13726	0.966987	136	2	0.02776
4930447C04RIK	3	0.20814	0.32157	0.977565	368	2	-0.46492	0.90477	0.90476	0.999441	852	0	-0.46492
OLFR351	4	0.20822	0.34326	0.996713	369	2	-0.41718	0.73451	0.75217	0.999441	710	1	-0.41718
PCF11	5	0.20917	0.38726	0.998113	370	1	-0.01924	0.56387	0.70677	0.999441	620	2	-0.01924
SLC19A2	5	0.21025	0.38884	0.998113	371	3	-0.44558	0.65236	0.75575	0.999441	673	1	-0.44558
REEP2	5	0.21058	0.38931	0.998113	372	3	-0.35742	0.178	0.34416	0.999441	313	2	-0.35742
HPGD	5	0.2108	0.38963	0.998113	373	2	-0.010434	0.72897	0.7867	0.999441	709	1	-0.010434
RSPH3B	2	0.2108	0.26496	0.93606	374	1	1.6784	0.025537	0.046955	0.652159	96	1	1.6784
ATMIN	5	0.21122	0.39026	0.998113	375	3	-0.57076	0.94202	0.94259	0.999441	908	0	-0.57076
OLFR340	4	0.21129	0.34692	0.996713	376	1	0.10712	0.40128	0.547	0.999441	496	2	0.10712
VMN1R213	4	0.21399	0.34963	0.996713	377	2	-0.57378	0.93371	0.93283	0.999441	896	0	-0.57378
SCN1B	5	0.21414	0.39422	0.999995	378	3	-0.41264	0.96026	0.96058	0.999441	936	0	-0.41264
OLFR376	3	0.21441	0.32993	0.983611	379	2	-0.42901	0.93029	0.92992	0.999441	891	0	-0.42901
USP8	5	0.21457	0.39486	0.999995	380	1	0.72063	0.044008	0.12574	0.959829	129	3	0.72063
FSTL4	5	0.21547	0.3962	0.999995	381	2	0.27009	0.39829	0.56996	0.999441	493	2	0.27009
TMEM173	5	0.21675	0.39826	0.999995	382	3	-0.27921	0.60766	0.7401	0.999441	656	1	-0.27921
D630023F18RIK	5	0.21726	0.39896	0.999995	383	2	-0.16357	0.18125	0.34866	0.999441	316	1	-0.16357
NFKB1	5	0.21806	0.40009	0.999995	384	3	-0.44943	0.40406	0.57456	0.999441	499	2	-0.44943
OLFR572	5	0.21809	0.40014	0.999995	385	2	-0.12273	0.5823	0.72272	0.999441	635	1	-0.12273
OLFR159	4	0.21873	0.35464	0.996713	386	2	-0.4073	0.79292	0.79693	0.999441	740	1	-0.4073
PALLD	5	0.22069	0.40424	0.999995	387	3	-0.31833	0.83535	0.84553	0.999441	777	1	-0.31833
ALDH1A1	5	0.22218	0.40647	0.999995	388	3	-0.34052	0.8707	0.87269	0.999441	813	1	-0.34052
CCDC47	4	0.22289	0.35867	0.996713	389	1	0.025407	0.5829	0.66513	0.999441	636	1	0.025407
RIPK4	5	0.22413	0.40962	0.999995	390	2	-0.29047	0.59961	0.73736	0.999441	650	1	-0.29047
CRY1	5	0.22433	0.40986	0.999995	391	3	-0.40838	0.24137	0.43359	0.999441	371	2	-0.40838
MMP2	5	0.22484	0.41052	0.999995	392	2	0.35115	0.039652	0.11443	0.89082	122	3	0.35115
RHOX10	5	0.22484	0.41052	0.999995	393	1	0.23374	0.48349	0.63911	0.999441	554	2	0.23374
OLFR1212	4	0.22546	0.36124	0.996713	394	2	-0.41564	0.96606	0.96626	0.999441	943	0	-0.41564
UHRF1BP1	5	0.22566	0.41167	0.999995	395	3	-0.37697	0.8338	0.84457	0.999441	774	1	-0.37697
NPY1R	5	0.22617	0.4124	0.999995	396	2	-0.098698	0.83955	0.84862	0.999441	780	1	-0.098698
HNRNPUL2	4	0.22724	0.36312	0.996713	397	2	0.083498	0.37188	0.51724	0.999441	473	2	0.083498
OLFR731	4	0.23079	0.36674	0.996713	398	2	-0.29383	0.92145	0.92069	0.999441	874	0	-0.29383
FAM117B	5	0.23108	0.41662	0.999995	399	2	-0.053648	0.86344	0.86677	0.999441	801	1	-0.053648
ARFGAP1	5	0.23148	0.417	0.999995	400	1	0.62086	0.039483	0.1141	0.89082	120	4	0.62086
RHOX9	4	0.23188	0.36786	0.996713	401	2	-0.25533	0.93023	0.92925	0.999441	890	0	-0.25533
MAL2	4	0.23618	0.37242	0.996713	402	2	-0.23416	0.42978	0.5768	0.999441	514	1	-0.23416
LRRC46	5	0.23676	0.42136	0.999995	403	2	0.059067	0.5096	0.66116	0.999441	575	2	0.059067
ACSL4	5	0.23851	0.42262	0.999995	404	1	0.055305	0.86942	0.87177	0.999441	811	1	0.055305
VSX1	5	0.23852	0.42263	0.999995	405	2	0.50219	0.20352	0.38081	0.999441	337	3	0.50219
MAGI1	5	0.23983	0.42366	0.999995	406	2	-0.30184	0.52284	0.67242	0.999441	587	1	-0.30184
XKR8	5	0.24026	0.424	0.999995	407	2	-0.19523	0.79018	0.81793	0.999441	739	1	-0.19523
TUBB1	5	0.24114	0.42473	0.999995	408	1	0.15541	0.71148	0.77924	0.999441	701	1	0.15541
OLFR1066	3	0.24291	0.36585	0.996713	409	2	-0.37245	0.39543	0.48732	0.999441	491	1	-0.37245
SULT2A3	4	0.24303	0.3794	0.996713	410	2	-0.43644	0.60505	0.67616	0.999441	654	1	-0.43644
OLFR147	5	0.24511	0.42793	0.999995	411	2	0.0013929	0.89935	0.89886	0.999441	843	0	0.0013929
GOLGA2	5	0.24897	0.43118	0.999995	412	1	0.51467	0.12843	0.27151	0.999441	255	3	0.51467
SPG20	5	0.24983	0.43188	0.999995	413	1	0.52043	0.17456	0.33925	0.999441	311	3	0.52043
GJA4	4	0.25065	0.3871	0.998113	414	2	-0.24302	0.87957	0.87988	0.999441	820	0	-0.24302
NCAM1	5	0.25501	0.43652	0.999995	415	1	1.362	0.030427	0.091431	0.879141	102	4	1.362
R3HDML	5	0.25573	0.43706	0.999995	416	2	0.38144	0.24356	0.43654	0.999441	376	3	0.38144
FRMPD4	5	0.25759	0.43879	0.999995	417	2	0.35356	0.16111	0.32	0.999441	296	3	0.35356
GUCY2F	5	0.25929	0.44028	0.999995	418	2	0.21246	0.33219	0.51641	0.999441	449	2	0.21246
ILDR2	5	0.26443	0.44486	0.999995	419	1	-0.082729	0.37282	0.55	0.999441	474	2	-0.082729
MADCAM1	5	0.26464	0.44502	0.999995	420	2	0.048605	0.45297	0.61394	0.999441	530	2	0.048605
A2M	4	0.26641	0.4039	0.999995	421	2	-0.41491	0.9765	0.97696	0.999441	958	0	-0.41491
FTSJ2	5	0.26698	0.44698	0.999995	422	1	0.23472	0.25501	0.45237	0.999441	390	1	0.23472
OLFR619	5	0.26783	0.44767	0.999995	423	1	0.38111	0.24563	0.43938	0.999441	383	3	0.38111
COL11A2	5	0.26866	0.44846	0.999995	424	2	1.4403	0.02534	0.077837	0.80244	95	3	1.4403
ATPAF1	5	0.26868	0.44848	0.999995	425	1	0.34027	0.16111	0.32	0.999441	298	2	0.34027
TSC1	5	0.27449	0.45313	0.999995	426	2	0.18789	0.51464	0.6655	0.999441	579	2	0.18789
TTC35	5	0.27539	0.45392	0.999995	427	2	-0.40654	0.8483	0.85505	0.999441	792	1	-0.40654
PLAGL2	5	0.27629	0.45468	0.999995	428	2	-0.32313	0.47948	0.63578	0.999441	549	2	-0.32313
WASL	4	0.2779	0.41579	0.999995	429	2	-0.1057	0.79572	0.7989	0.999441	744	1	-0.1057
BCL2L14	5	0.27796	0.45614	0.999995	430	2	0.88553	0.10415	0.23554	0.999441	219	3	0.88553
EPGN	4	0.27968	0.41762	0.999995	431	2	-0.22329	0.76041	0.77129	0.999441	723	1	-0.22329
DCAF13	5	0.28034	0.45821	0.999995	432	2	2.3002	0.0074156	0.028787	0.510075	52	3	2.3002
ARHGAP15	5	0.28214	0.45959	0.999995	433	1	0.047316	0.89349	0.89338	0.999441	836	1	0.047316
ADAM26B	5	0.28298	0.46036	0.999995	434	1	-0.17285	0.51267	0.66377	0.999441	578	2	-0.17285
NAPG	5	0.2844	0.46176	0.999995	435	2	0.39893	0.11617	0.2532	0.999441	238	2	0.39893
FAM159B	4	0.28461	0.42278	0.999995	436	2	-0.12116	0.43495	0.58239	0.999441	520	2	-0.12116
ZFP334	5	0.28714	0.46426	0.999995	437	1	0.82525	0.088462	0.21122	0.999441	195	3	0.82525
FAM69A	5	0.28797	0.46498	0.999995	438	1	-0.039883	0.58641	0.72611	0.999441	640	2	-0.039883
GPR84	5	0.28891	0.46576	0.999995	439	2	0.10296	0.68258	0.7673	0.999441	688	1	0.10296
OLFR1189	4	0.2891	0.42736	0.999995	440	2	-0.17925	0.89941	0.89846	0.999441	844	0	-0.17925
MGST2	5	0.29118	0.46778	0.999995	441	2	-0.11354	0.53744	0.68462	0.999441	596	2	-0.11354
CENPW	2	0.29255	0.32627	0.979797	442	1	-0.79897	0.83981	0.83815	0.999441	781	0	-0.79897
PFAS	5	0.29294	0.46915	0.999995	443	2	-0.025618	0.78162	0.81296	0.999441	735	1	-0.025618
OLFR1367	4	0.2936	0.432	0.999995	444	2	-0.36405	0.82284	0.8237	0.999441	765	1	-0.36405
TOR1A	5	0.29459	0.47049	0.999995	445	1	1.3771	0.02361	0.07353	0.795608	89	4	1.3771
KPNA6	5	0.29525	0.47109	0.999995	446	2	0.042671	0.90757	0.90738	0.999441	857	0	0.042671
1200016B10RIK	5	0.29661	0.47203	0.999995	447	2	-0.12397	0.072569	0.18598	0.99452	181	2	-0.12397
UGCG	3	0.29993	0.41811	0.999995	448	1	0.63232	0.16481	0.269	0.999441	303	2	0.63232
SPDEF	5	0.30442	0.47885	0.999995	449	1	0.30819	0.57978	0.72041	0.999441	633	2	0.30819
TSC22D4	5	0.30605	0.48029	0.999995	450	1	1.8724	0.0040925	0.017163	0.37613	41	4	1.8724
OLFR1015	5	0.30638	0.48064	0.999995	451	2	-0.1753	0.90585	0.90559	0.999441	854	0	-0.1753
TMEM170	3	0.30661	0.42187	0.999995	452	1	-0.21753	0.10247	0.19018	0.999441	215	1	-0.21753
ALAS1	4	0.30774	0.44694	0.999995	453	2	-0.21468	0.24218	0.38729	0.999441	373	1	-0.21468
SMAD6	5	0.30808	0.4821	0.999995	454	1	0.14771	0.39318	0.5661	0.999441	489	2	0.14771
MTA2	5	0.30934	0.48323	0.999995	455	2	-0.12416	0.95091	0.95109	0.999441	921	0	-0.12416
PDIA3	5	0.31091	0.48478	0.999995	456	2	0.47926	0.21037	0.39038	0.999441	342	2	0.47926
TSPAN11	4	0.31314	0.45263	0.999995	457	1	-0.30402	0.17117	0.31647	0.999441	308	1	-0.30402
PSD2	5	0.31333	0.48682	0.999995	458	1	-0.27403	0.38361	0.55879	0.999441	482	2	-0.27403
ZFP523	5	0.3155	0.48862	0.999995	459	2	0.24511	0.29294	0.48491	0.999441	417	2	0.24511
LMBR1	5	0.31664	0.48959	0.999995	460	2	0.50508	0.18802	0.35842	0.999441	320	3	0.50508
AKR1C13	4	0.31838	0.45838	0.999995	461	2	-0.28641	0.72702	0.74735	0.999441	707	1	-0.28641
STK31	5	0.32136	0.49375	0.999995	462	2	0.093149	0.41051	0.58009	0.999441	502	2	0.093149
ERCC2	5	0.32295	0.49498	0.999995	463	1	1.3639	0.00054443	0.002401	0.133388	17	4	1.3639
RPL34	1	0.32313	0.32338	0.979797	464	1	-0.36058	0.67687	0.67852	0.999441	683	0	-0.36058
IRAK1	5	0.32669	0.49836	0.999995	465	2	0.085181	0.29294	0.48491	0.999441	418	1	0.085181
CDKN2D	5	0.32772	0.49933	0.999995	466	2	-0.19144	0.83484	0.84516	0.999441	775	1	-0.19144
CCDC19	5	0.33036	0.50145	0.999995	467	2	-0.24434	0.96729	0.96765	0.999441	945	0	-0.24434
IRF5	5	0.33127	0.50216	0.999995	468	2	0.65916	0.10288	0.23361	0.999441	218	3	0.65916
ENPP6	5	0.33219	0.50279	0.999995	469	2	-0.14765	0.45116	0.61234	0.999441	529	2	-0.14765
PRKCH	5	0.33483	0.50522	0.999995	470	2	-0.10293	0.37948	0.5554	0.999441	479	2	-0.10293
EFHA1	5	0.3354	0.50577	0.999995	471	2	0.91007	0.096339	0.22417	0.999441	208	3	0.91007
GIMAP6	5	0.33585	0.5061	0.999995	472	2	1.5829	0.011117	0.039064	0.60099	64	3	1.5829
NCAPD3	4	0.33586	0.47688	0.999995	473	1	0.93674	0.016882	0.054391	0.698464	74	3	0.93674
TUSC1	5	0.33718	0.50751	0.999995	474	1	-0.09006	0.10648	0.23927	0.999441	225	2	-0.09006
KCNS2	5	0.33838	0.50854	0.999995	475	2	-0.13158	0.69033	0.77016	0.999441	690	1	-0.13158
INSL5	2	0.33973	0.3631	0.996713	476	1	0.053941	0.40141	0.41874	0.999441	497	1	0.053941
WDR41	5	0.33998	0.50997	0.999995	477	2	-0.10895	0.24489	0.43824	0.999441	381	2	-0.10895
UPF2	5	0.34109	0.51087	0.999995	478	1	1.0959	0.030932	0.09254	0.88133	103	3	1.0959
OLFR1487	4	0.34161	0.4828	0.999995	479	2	0.35649	0.043278	0.10894	0.89082	128	2	0.35649
OLFR1427	5	0.34498	0.51423	0.999995	480	1	0.25407	0.40745	0.5776	0.999441	501	2	0.25407
SALL3	5	0.34572	0.51495	0.999995	481	2	-0.19433	0.06727	0.17754	0.982347	172	1	-0.19433
ZFP322A	5	0.34576	0.51501	0.999995	482	1	-0.049694	0.32255	0.50889	0.999441	443	1	-0.049694
SURF4	5	0.34686	0.51589	0.999995	483	2	-0.1942	0.070453	0.18259	0.99452	176	2	-0.1942
RB1CC1	5	0.34778	0.51658	0.999995	484	2	0.88152	0.10288	0.23361	0.999441	217	3	0.88152
CMPK1	4	0.34985	0.4913	0.999995	485	1	0.30736	0.34665	0.49222	0.999441	458	2	0.30736
NR1D2	4	0.35222	0.4936	0.999995	486	2	0.060162	0.28722	0.43185	0.999441	414	2	0.060162
PROM2	5	0.35283	0.5214	0.999995	487	2	-0.49715	0.90675	0.90649	0.999441	856	0	-0.49715
DCAF12L2	5	0.35424	0.5226	0.999995	488	1	0.095081	0.29294	0.48491	0.999441	421	1	0.095081
POLH	5	0.35884	0.52643	0.999995	489	2	0.077558	0.59872	0.73652	0.999441	649	2	0.077558
LGALS4	5	0.35972	0.5273	0.999995	490	2	-0.22015	0.86878	0.87122	0.999441	809	1	-0.22015
VMN1R21	4	0.35988	0.50162	0.999995	491	1	0.14188	0.69546	0.72672	0.999441	691	1	0.14188
FAM185A	5	0.36188	0.52934	0.999995	492	1	0.74055	0.13673	0.28373	0.999441	266	3	0.74055
MRPL16	5	0.3634	0.53081	0.999995	493	2	1.1478	0.035159	0.10317	0.89082	108	3	1.1478
P2RX5	5	0.36386	0.53113	0.999995	494	2	-0.058421	0.4826	0.63836	0.999441	552	2	-0.058421
DISP1	5	0.36416	0.53141	0.999995	495	2	-0.34807	0.95578	0.95625	0.999441	928	0	-0.34807
CYB5R1	5	0.36432	0.53154	0.999995	496	2	0.16267	0.87642	0.87805	0.999441	817	1	0.16267
CYP2B9	5	0.36719	0.53377	0.999995	497	2	-0.2884	0.95943	0.95984	0.999441	934	0	-0.2884
OLFR1457	4	0.36763	0.50992	0.999995	498	2	-0.2966	0.59276	0.67014	0.999441	645	1	-0.2966
LRRC69	5	0.36945	0.5358	0.999995	499	1	0.10906	0.31655	0.50393	0.999441	440	1	0.10906
WDR83	5	0.3702	0.53643	0.999995	500	2	-0.00096873	0.23588	0.42605	0.999441	364	1	-0.00096873
MBOAT1	5	0.37259	0.53854	0.999995	501	2	-0.19543	0.55838	0.70223	0.999441	617	2	-0.19543
PTCD1	5	0.37488	0.54065	0.999995	502	2	1.4216	0.020404	0.064886	0.775743	78	3	1.4216
SOD3	4	0.37533	0.5177	0.999995	503	2	0.0024979	0.34377	0.48928	0.999441	455	2	0.0024979
TGM5	5	0.37764	0.54302	0.999995	504	2	-0.048515	0.62062	0.74438	0.999441	659	1	-0.048515
CMTM1	5	0.3804	0.54549	0.999995	505	2	-0.22713	0.15255	0.30764	0.999441	288	2	-0.22713
4921523A10RIK	5	0.38131	0.54632	0.999995	506	2	-0.062946	0.62883	0.74709	0.999441	661	1	-0.062946
MTRR	5	0.38141	0.54638	0.999995	507	2	-0.37145	0.94862	0.94879	0.999441	920	0	-0.37145
PSMG2	5	0.38363	0.54808	0.999995	508	1	0.5798	0.14059	0.28996	0.999441	278	3	0.5798
EPHX4	5	0.38499	0.5493	0.999995	509	2	0.18766	0.42254	0.58992	0.999441	511	2	0.18766
WDR44	5	0.38682	0.55071	0.999995	510	2	-0.22169	0.24909	0.44398	0.999441	386	2	-0.22169
TOMT	5	0.38732	0.55101	0.999995	511	1	0.75533	0.018834	0.060639	0.748625	77	4	0.75533
MEP1A	5	0.38774	0.55132	0.999995	512	2	0.16962	0.14852	0.30128	0.999441	283	2	0.16962
HTRA4	5	0.38805	0.5516	0.999995	513	2	0.20674	0.26698	0.4643	0.999441	398	1	0.20674
ACOT13	5	0.3882	0.5517	0.999995	514	2	-0.19405	0.26698	0.4643	0.999441	399	1	-0.19405
APEX1	5	0.38935	0.55264	0.999995	515	2	-0.10332	0.063672	0.17178	0.966987	169	2	-0.10332
TRIM29	5	0.39004	0.55324	0.999995	516	2	-0.2389	0.95524	0.95576	0.999441	927	0	-0.2389
OLFR1138	3	0.39004	0.46859	0.999995	517	1	-0.42479	0.79873	0.7997	0.999441	749	0	-0.42479
GZMB	5	0.39026	0.55348	0.999995	518	2	-0.32684	0.94821	0.9484	0.999441	918	0	-0.32684
NRXN1	5	0.39099	0.5541	0.999995	519	1	-0.065307	0.77244	0.80845	0.999441	729	1	-0.065307
ABHD5	5	0.39462	0.55717	0.999995	520	2	-0.074294	0.413	0.58221	0.999441	505	2	-0.074294
FAM71F1	5	0.39464	0.55717	0.999995	521	2	0.23183	0.8351	0.84535	0.999441	776	1	0.23183
TMEM174	5	0.39537	0.5578	0.999995	522	2	-0.10683	0.43347	0.59834	0.999441	517	2	-0.10683
FBXO32	5	0.39554	0.55788	0.999995	523	2	0.39978	0.11895	0.25719	0.999441	242	3	0.39978
RYR2	5	0.39554	0.55788	0.999995	524	2	0.3094	0.21577	0.39778	0.999441	348	3	0.3094
DMRT2	5	0.39646	0.55863	0.999995	525	2	-0.32282	0.28131	0.47523	0.999441	408	1	-0.32282
USP37	5	0.399	0.56073	0.999995	526	1	-0.042465	0.34731	0.52893	0.999441	459	1	-0.042465
RBM18	5	0.4031	0.56416	0.999995	527	2	0.33736	0.13698	0.28414	0.999441	267	3	0.33736
KCTD16	5	0.40402	0.56505	0.999995	528	2	0.33352	0.22866	0.41635	0.999441	357	3	0.33352
OLAH	5	0.40516	0.56608	0.999995	529	2	-0.28654	0.43711	0.60119	0.999441	521	2	-0.28654
ICK	5	0.40608	0.56699	0.999995	530	2	-0.4913	0.97533	0.97513	0.999441	957	0	-0.4913
AGAP3	5	0.41122	0.57158	0.999995	531	1	0.025309	0.92435	0.92488	0.999441	880	0	0.025309
RNF183	5	0.41454	0.57475	0.999995	532	2	-0.19447	0.13911	0.28771	0.999441	273	2	-0.19447
CASP14	5	0.41454	0.57475	0.999995	533	2	0.19668	0.50432	0.65682	0.999441	570	2	0.19668
MYH13	5	0.41523	0.57526	0.999995	534	2	-0.14343	0.19691	0.37127	0.999441	328	2	-0.14343
GGCX	5	0.4166	0.57632	0.999995	535	2	0.039417	0.67909	0.76591	0.999441	684	1	0.039417
RXRB	5	0.4169	0.57659	0.999995	536	1	0.94146	0.063114	0.1709	0.966987	167	3	0.94146
GM13271	4	0.41947	0.56526	0.999995	537	2	-0.35093	0.92067	0.91992	0.999441	873	0	-0.35093
DGKD	5	0.42114	0.58008	0.999995	538	1	0.2482	0.41637	0.58494	0.999441	508	2	0.2482
GAS2L2	5	0.42184	0.58075	0.999995	539	1	0.097059	0.79513	0.82064	0.999441	743	1	0.097059
PRM2	5	0.42254	0.58145	0.999995	540	1	0.18543	0.37764	0.55401	0.999441	477	2	0.18543
FZD4	5	0.42299	0.58189	0.999995	541	2	-0.10283	0.27206	0.46822	0.999441	403	1	-0.10283
ALPL	5	0.42368	0.58241	0.999995	542	2	-0.097066	0.91045	0.9106	0.999441	862	0	-0.097066
TLR8	5	0.42464	0.58327	0.999995	543	1	-0.1128	0.9682	0.96838	0.999441	947	0	-0.1128
MS4A10	5	0.42534	0.58379	0.999995	544	1	0.12698	0.62932	0.74729	0.999441	662	1	0.12698
MIB1	5	0.42755	0.58572	0.999995	545	2	-0.26066	0.084143	0.2044	0.999441	190	1	-0.26066
MEIG1	2	0.42938	0.43768	0.999995	546	1	-0.55315	0.82391	0.82154	0.999441	766	0	-0.55315
DLG2	5	0.43256	0.58962	0.999995	547	2	-0.12696	0.92787	0.92832	0.999441	886	0	-0.12696
UBASH3B	5	0.43299	0.58994	0.999995	548	1	0.42703	0.10477	0.23633	0.999441	222	3	0.42703
PPP2R5D	5	0.43438	0.59114	0.999995	549	1	0.91537	0.0227	0.071163	0.782015	88	4	0.91537
SLC1A1	5	0.43782	0.59406	0.999995	550	1	-0.005543	0.4134	0.58256	0.999441	506	2	-0.005543
ELAVL3	5	0.43983	0.59596	0.999995	551	2	0.14044	0.49726	0.65094	0.999441	566	2	0.14044
IL31RA	5	0.44074	0.59664	0.999995	552	2	-0.22897	0.96882	0.96903	0.999441	949	0	-0.22897
OLFR1295	4	0.44113	0.57946	0.999995	553	1	0.028078	0.39529	0.54062	0.999441	490	1	0.028078
FAM109B	5	0.44255	0.59824	0.999995	554	2	-0.224	0.91644	0.91707	0.999441	868	0	-0.224
RPL11	1	0.44555	0.44559	0.999995	555	0	-0.10081	0.55445	0.55505	0.999441	610	0	-0.10081
MTMR10	5	0.44601	0.60098	0.999995	556	1	0.23288	0.33483	0.5187	0.999441	451	2	0.23288
C1QTNF4	5	0.44844	0.60291	0.999995	557	2	-0.17229	0.43161	0.59693	0.999441	515	1	-0.17229
OLFR243	4	0.45008	0.58318	0.999995	558	1	-0.047409	0.76909	0.77754	0.999441	727	1	-0.047409
BEX4	4	0.45119	0.58378	0.999995	559	1	-0.12542	0.50827	0.63032	0.999441	573	1	-0.12542
FGD5	5	0.45387	0.60798	0.999995	560	2	0.25949	0.57499	0.71612	0.999441	629	2	0.25949
AMOTL1	5	0.45455	0.60852	0.999995	561	2	-0.13976	0.90494	0.90471	0.999441	853	0	-0.13976
TRIM37	5	0.45612	0.60975	0.999995	562	2	0.40923	0.2202	0.40434	0.999441	353	3	0.40923
GINS3	4	0.45673	0.5861	0.999995	563	1	1.0319	0.076279	0.17179	0.966987	186	2	1.0319
PDE4A	5	0.45973	0.61271	0.999995	564	2	0.239	0.19345	0.36672	0.999441	326	2	0.239
PMPCB	5	0.46013	0.6131	0.999995	565	1	4.4769	6.7977e-07	4.9505e-06	0.00165	2	4	4.4769
PGC	5	0.46469	0.61696	0.999995	566	2	0.013243	0.29344	0.48525	0.999441	422	2	0.013243
GPR160	3	0.46564	0.51593	0.999995	567	1	0.1387	0.10793	0.19726	0.999441	229	1	0.1387
STARD3NL	5	0.46693	0.61902	0.999995	568	2	-0.15228	0.55479	0.69906	0.999441	612	1	-0.15228
YTHDF2	4	0.4693	0.59176	0.999995	569	1	-0.091588	0.35237	0.49756	0.999441	461	1	-0.091588
LYG1	4	0.472	0.59284	0.999995	570	1	-0.085158	0.84568	0.84603	0.999441	790	0	-0.085158
CCL17	3	0.47378	0.5215	0.999995	571	1	0.13824	0.60887	0.62685	0.999441	657	1	0.13824
SLC16A7	5	0.47395	0.62544	0.999995	572	1	-0.12628	0.74632	0.79497	0.999441	716	1	-0.12628
GSG1	5	0.47411	0.62557	0.999995	573	2	0.065658	0.41157	0.58105	0.999441	504	2	0.065658
MEPE	5	0.47817	0.6294	0.999995	574	2	0.91026	0.094486	0.2213	0.999441	206	3	0.91026
ZFP326	5	0.47858	0.62974	0.999995	575	2	0.13462	0.6804	0.76643	0.999441	685	1	0.13462
SPRR2I	1	0.47865	0.47874	0.999995	576	0	-0.065329	0.52135	0.52128	0.999441	584	0	-0.065329
PRDX4	5	0.47979	0.63065	0.999995	577	1	0.10762	0.76295	0.80366	0.999441	725	1	0.10762
WDR4	5	0.47992	0.63076	0.999995	578	2	1.3499	0.047892	0.13543	0.966987	134	3	1.3499
SNX4	5	0.48037	0.6312	0.999995	579	2	0.23388	0.32944	0.51446	0.999441	448	2	0.23388
PDE6A	5	0.48282	0.63328	0.999995	580	2	0.95273	0.061377	0.16709	0.966987	161	3	0.95273
ABHD16A	5	0.48493	0.63508	0.999995	581	1	0.18092	0.52344	0.67293	0.999441	588	2	0.18092
HEATR7A	5	0.48616	0.63599	0.999995	582	2	0.26598	0.57353	0.71504	0.999441	628	2	0.26598
TRP53BP1	5	0.48685	0.63674	0.999995	583	1	0.095823	0.65932	0.7583	0.999441	675	1	0.095823
OLFR1097	3	0.48687	0.52969	0.999995	584	1	-0.20378	0.81489	0.8155	0.999441	761	0	-0.20378
PSAP	5	0.48749	0.6373	0.999995	585	1	0.18336	0.54988	0.69496	0.999441	605	2	0.18336
TH	5	0.49017	0.63972	0.999995	586	2	-0.35641	0.37626	0.55297	0.999441	475	2	-0.35641
BNC1	5	0.49105	0.6406	0.999995	587	2	-0.18412	0.79298	0.81948	0.999441	741	1	-0.18412
H2-OB	5	0.49131	0.64079	0.999995	588	1	0.31869	0.35375	0.53449	0.999441	463	2	0.31869
FKBP10	5	0.49194	0.64138	0.999995	589	2	-0.18773	0.70905	0.77808	0.999441	699	1	-0.18773
AKR1B8	5	0.49257	0.64202	0.999995	590	1	0.38974	0.16394	0.32435	0.999441	302	3	0.38974
TMEM62	5	0.49261	0.64206	0.999995	591	2	-0.091116	0.49416	0.64803	0.999441	561	2	-0.091116
TAX1BP1	5	0.4946	0.64384	0.999995	592	2	-0.26177	0.86311	0.86651	0.999441	800	1	-0.26177
SSXB1	2	0.49532	0.49527	0.999995	593	1	-0.22049	0.77607	0.77321	0.999441	730	0	-0.22049
FAM89B	5	0.49549	0.64469	0.999995	594	2	-0.24135	0.56745	0.70967	0.999441	623	2	-0.24135
ZFP12	5	0.49682	0.64603	0.999995	595	2	0.23688	0.36478	0.54376	0.999441	471	2	0.23688
FAM125A	5	0.49792	0.64708	0.999995	596	2	-0.099046	0.053339	0.14907	0.966987	145	2	-0.099046
ELAVL2	5	0.50035	0.64931	0.999995	597	2	-0.030543	0.58608	0.72587	0.999441	639	1	-0.030543
PVRL2	5	0.50079	0.64964	0.999995	598	2	0.45286	0.14489	0.2961	0.999441	279	3	0.45286
SLC23A2	5	0.50124	0.65004	0.999995	599	2	-0.28851	0.9476	0.94789	0.999441	916	0	-0.28851
HCFC1R1	3	0.50139	0.5394	0.999995	600	1	1.4084	0.064952	0.13922	0.966987	170	2	1.4084
GM1574	5	0.50256	0.65137	0.999995	601	2	-0.22759	0.42674	0.59333	0.999441	512	2	-0.22759
OLFR583	2	0.50272	0.50251	0.999995	602	1	-0.14831	0.67295	0.67073	0.999441	679	0	-0.14831
SCLT1	5	0.50344	0.65208	0.999995	603	2	-0.34342	0.96124	0.96173	0.999441	937	0	-0.34342
TUBGCP4	5	0.50386	0.65241	0.999995	604	1	0.62071	0.0070591	0.027639	0.50252	51	3	0.62071
SDC4	5	0.5052	0.65368	0.999995	605	2	-0.14543	0.27135	0.46767	0.999441	402	2	-0.14543
PTMA	2	0.50792	0.50717	0.999995	606	1	0.37389	0.29803	0.33791	0.999441	425	1	0.37389
CLTB	5	0.50872	0.6567	0.999995	607	2	-0.041088	0.45546	0.61591	0.999441	532	1	-0.041088
ADAM30	4	0.51082	0.61176	0.999995	608	1	0.94078	0.062501	0.14584	0.966987	163	3	0.94078
PDZD4	5	0.51114	0.65877	0.999995	609	2	-0.25588	0.37994	0.55599	0.999441	481	2	-0.25588
H2-M10.5	5	0.51201	0.65944	0.999995	610	2	0.39904	0.21921	0.40269	0.999441	351	3	0.39904
CCL19	1	0.51274	0.51259	0.999995	611	0	0.05637	0.48726	0.48722	0.999441	555	0	0.05637
TBC1D22B	5	0.51311	0.66066	0.999995	612	2	0.24448	0.08511	0.20588	0.999441	191	2	0.24448
KLHL18	5	0.51399	0.66137	0.999995	613	2	0.405	0.23742	0.42824	0.999441	366	3	0.405
PROX2	5	0.51486	0.66213	0.999995	614	2	0.6472	0.13925	0.28792	0.999441	275	3	0.6472
DCP1A	5	0.5153	0.66247	0.999995	615	2	0.19724	0.2244	0.41065	0.999441	355	2	0.19724
ESYT2	5	0.51661	0.66364	0.999995	616	2	0.40589	0.2398	0.43138	0.999441	368	3	0.40589
ETHE1	5	0.51748	0.66454	0.999995	617	2	0.22865	0.58227	0.72269	0.999441	634	2	0.22865
ACADL	5	0.51814	0.66507	0.999995	618	2	-0.091021	0.5582	0.70206	0.999441	615	1	-0.091021
A530032D15RIK	3	0.51925	0.55171	0.999995	619	1	-0.24274	0.07297	0.15008	0.966987	184	1	-0.24274
PRRT2	5	0.51967	0.66649	0.999995	620	2	-0.27675	0.52076	0.67067	0.999441	583	2	-0.27675
LITAF	5	0.52042	0.66709	0.999995	621	2	-0.25034	0.9393	0.9402	0.999441	904	0	-0.25034
SPESP1	5	0.52141	0.66797	0.999995	622	2	-0.21662	0.49321	0.64726	0.999441	558	2	-0.21662
RTBDN	4	0.52394	0.61817	0.999995	623	1	-0.11147	0.78034	0.78649	0.999441	733	1	-0.11147
C3AR1	5	0.52704	0.67287	0.999995	624	1	-0.19586	0.49372	0.64774	0.999441	559	2	-0.19586
DEFB8	1	0.52745	0.52744	0.999995	625	0	0.060338	0.47255	0.4724	0.999441	542	0	0.060338
XPO5	5	0.52824	0.67379	0.999995	626	1	0.62813	0.10254	0.23298	0.999441	216	3	0.62813
FAM63A	5	0.52923	0.6746	0.999995	627	2	0.22451	0.35008	0.53119	0.999441	460	2	0.22451
TNFSF11	5	0.53075	0.67595	0.999995	628	2	0.016576	0.399	0.57053	0.999441	494	2	0.016576
ZFP961	5	0.53356	0.67861	0.999995	629	2	-0.13414	0.5685	0.71073	0.999441	625	2	-0.13414
OLFR654	5	0.53418	0.67918	0.999995	630	1	0.13623	0.28575	0.47912	0.999441	411	2	0.13623
GM5082	4	0.53581	0.62379	0.999995	631	1	-0.032914	0.66739	0.70966	0.999441	678	1	-0.032914
CABP5	5	0.53889	0.68344	0.999995	632	2	-0.25862	0.90659	0.90631	0.999441	855	0	-0.25862
TIMP3	5	0.53917	0.68369	0.999995	633	2	-0.33099	0.72801	0.78615	0.999441	708	1	-0.33099
ZFP800	5	0.5426	0.6868	0.999995	634	2	0.46505	0.04228	0.12164	0.935682	127	3	0.46505
APH1B	5	0.54389	0.68806	0.999995	635	2	-0.13367	0.21726	0.40002	0.999441	350	1	-0.13367
DDX43	5	0.54518	0.68907	0.999995	636	2	0.188	0.19031	0.3617	0.999441	323	2	0.188
SYNGR2	5	0.54689	0.69051	0.999995	637	2	-0.31663	0.96996	0.97014	0.999441	950	0	-0.31663
LPGAT1	5	0.54761	0.69125	0.999995	638	1	-0.061557	0.88312	0.88384	0.999441	823	1	-0.061557
U2AF1	2	0.54802	0.54622	0.999995	639	1	2.4737	0.0078261	0.015351	0.365512	55	1	2.4737
MLF1	5	0.54934	0.6928	0.999995	640	1	0.12774	0.4733	0.63081	0.999441	543	2	0.12774
PELI2	5	0.5503	0.69366	0.999995	641	2	-0.35233	0.82642	0.84013	0.999441	767	1	-0.35233
GTF3C5	5	0.55049	0.69385	0.999995	642	1	0.69968	0.00069152	0.0029653	0.156071	18	4	0.69968
NDP	4	0.55177	0.63193	0.999995	643	1	-0.037744	0.54263	0.64501	0.999441	600	1	-0.037744
C1S	5	0.5518	0.69504	0.999995	644	2	0.089648	0.86792	0.87042	0.999441	808	1	0.089648
OLFR1065	1	0.55249	0.55297	0.999995	645	0	0.10869	0.44751	0.44761	0.999441	528	0	0.10869
MGL2	5	0.55286	0.69596	0.999995	646	2	-0.090026	0.72492	0.78487	0.999441	706	1	-0.090026
TUBA1B	2	0.55444	0.55233	0.999995	647	1	0.19335	0.43382	0.44571	0.999441	518	1	0.19335
PCSK2	4	0.5551	0.6337	0.999995	648	1	-0.20231	0.94498	0.94399	0.999441	913	0	-0.20231
UFSP1	5	0.55584	0.69848	0.999995	649	2	-0.31742	0.93706	0.93789	0.999441	899	0	-0.31742
DNM3	5	0.55668	0.69917	0.999995	650	2	-0.24916	0.7962	0.82111	0.999441	745	1	-0.24916
SLC6A7	5	0.55848	0.7011	0.999995	651	1	0.63964	0.13792	0.28565	0.999441	270	3	0.63964
OLFR1265	3	0.55863	0.58075	0.999995	652	1	-0.097066	0.67684	0.68163	0.999441	682	1	-0.097066
ZFP869	5	0.55961	0.70205	0.999995	653	1	0.11968	0.30279	0.49272	0.999441	428	2	0.11968
9430069I07RIK	2	0.55995	0.55814	0.999995	654	1	0.33172	0.3415	0.37083	0.999441	453	1	0.33172
MYL12A	3	0.56278	0.58395	0.999995	655	1	-0.26933	0.85508	0.85604	0.999441	795	0	-0.26933
OLFR746	2	0.56571	0.56389	0.999995	656	1	0.1882	0.46262	0.46964	0.999441	537	1	0.1882
KCNK15	5	0.57356	0.70753	0.999995	657	1	0.39992	0.14489	0.2961	0.999441	280	3	0.39992
OLFR883	4	0.57424	0.64444	0.999995	658	1	0.24951	0.29773	0.4424	0.999441	424	2	0.24951
MRPL53	5	0.58176	0.71062	0.999995	659	1	1.2315	0.039305	0.11374	0.89082	118	3	1.2315
SPAG5	5	0.5823	0.71078	0.999995	660	1	0.45125	0.15208	0.30692	0.999441	286	3	0.45125
2610002J02RIK	5	0.585	0.71171	0.999995	661	1	-0.08711	0.31414	0.50197	0.999441	436	1	-0.08711
DYNC1LI1	4	0.59053	0.65318	0.999995	662	1	0.39373	0.27734	0.42213	0.999441	405	2	0.39373
4930430A15RIK	5	0.59567	0.7157	0.999995	663	1	0.25043	0.87196	0.8739	0.999441	814	1	0.25043
ESF1	5	0.5983	0.7166	0.999995	664	1	-0.12747	0.062626	0.17004	0.966987	166	2	-0.12747
ADRB3	5	0.59882	0.71676	0.999995	665	1	0.34785	0.24254	0.43524	0.999441	375	3	0.34785
VCL	5	0.59935	0.71696	0.999995	666	1	1.15	0.026053	0.079658	0.812841	97	4	1.15
2810008M24RIK	1	0.60085	0.60252	0.999995	667	0	0.23313	0.39915	0.39957	0.999441	495	0	0.23313
FBLIM1	5	0.60144	0.71765	0.999995	668	1	0.13034	0.18719	0.3572	0.999441	319	2	0.13034
MDFI	5	0.60404	0.71855	0.999995	669	1	-0.15987	0.76638	0.80524	0.999441	726	1	-0.15987
ZDHHC1	4	0.60549	0.66121	0.999995	670	1	0.78667	0.041516	0.1057	0.89082	124	3	0.78667
ANK	4	0.60895	0.66308	0.999995	671	1	0.064708	0.41884	0.56554	0.999441	509	1	0.064708
DUT	5	0.60972	0.72079	0.999995	672	1	0.30608	0.0021763	0.0094307	0.277373	32	2	0.30608
VMN2R101	4	0.61366	0.66598	0.999995	673	1	0.3188	0.42722	0.57418	0.999441	513	2	0.3188
EXOC2	5	0.61482	0.72282	0.999995	674	1	-0.090265	0.19187	0.36426	0.999441	325	2	-0.090265
IDI2	4	0.61537	0.66687	0.999995	675	1	0.8723	0.031979	0.086748	0.858886	104	3	0.8723
NFATC4	4	0.61707	0.66773	0.999995	676	1	-0.11328	0.92766	0.92669	0.999441	885	0	-0.11328
OLFR1085	3	0.61857	0.62862	0.999995	677	1	0.42292	0.11759	0.20955	0.999441	241	2	0.42292
ADAM26A	3	0.61994	0.62965	0.999995	678	1	-0.21245	0.4665	0.52923	0.999441	538	1	-0.21245
EIF2A	5	0.62137	0.72525	0.999995	679	1	0.17577	0.2563	0.45408	0.999441	391	1	0.17577
PLCD3	5	0.62188	0.72541	0.999995	680	1	0.63232	0.18895	0.35978	0.999441	321	3	0.63232
NME3	5	0.62387	0.72609	0.999995	681	1	0.55767	0.049362	0.13926	0.966987	137	3	0.55767
PIGW	5	0.62932	0.72843	0.999995	682	1	1.0901	0.02385	0.074134	0.795608	90	4	1.0901
LFNG	4	0.63273	0.67697	0.999995	683	1	-0.10228	0.73867	0.75516	0.999441	714	1	-0.10228
PCM1	5	0.63422	0.73036	0.999995	684	1	0.57813	0.13888	0.28725	0.999441	272	3	0.57813
LPCAT3	5	0.63616	0.7313	0.999995	685	1	0.13615	0.079531	0.19696	0.999441	187	2	0.13615
CCNI	4	0.63702	0.67953	0.999995	686	1	1.6307	0.015983	0.051728	0.6967	72	3	1.6307
OLFR308	3	0.63882	0.64498	0.999995	687	1	-0.27364	0.64262	0.65314	0.999441	668	1	-0.27364
ZFP459	4	0.63906	0.68086	0.999995	688	1	-0.14622	0.94378	0.94292	0.999441	912	0	-0.14622
CCL11	2	0.64185	0.63959	0.999995	689	0	0.38712	0.39108	0.40992	0.999441	487	1	0.38712
1110057K04RIK	5	0.64338	0.73447	0.999995	690	1	0.0027438	0.59443	0.733	0.999441	646	2	0.0027438
OGDH	5	0.64386	0.73465	0.999995	691	1	0.3698	0.33356	0.51768	0.999441	450	2	0.3698
ARPP19	2	0.6442	0.64196	0.999995	692	0	0.49365	0.28409	0.328	0.999441	409	1	0.49365
USP34	5	0.64433	0.73483	0.999995	693	1	0.20294	0.44669	0.60876	0.999441	526	1	0.20294
4930467E23RIK	4	0.6467	0.68559	0.999995	694	1	-0.24076	0.90799	0.90663	0.999441	858	0	-0.24076
SMN1	5	0.65119	0.73748	0.999995	695	1	1.0724	0.027666	0.084351	0.843515	99	3	1.0724
MRPL45	5	0.65469	0.73898	0.999995	696	1	0.23922	0.36386	0.543	0.999441	470	2	0.23922
CYS1	5	0.65886	0.74074	0.999995	697	1	0.49253	0.24117	0.43329	0.999441	369	3	0.49253
CYP2B10	5	0.66252	0.74228	0.999995	698	1	-0.235	0.90038	0.89998	0.999441	846	0	-0.235
SSTR3	5	0.66389	0.74284	0.999995	699	1	1.3386	0.05549	0.15374	0.966987	149	3	1.3386
RHOX1	4	0.66892	0.69938	0.999995	700	1	-0.12854	0.89041	0.89018	0.999441	832	0	-0.12854
MYOD1	5	0.66932	0.745	0.999995	701	1	0.074457	0.2862	0.47956	0.999441	412	2	0.074457
4933402D24RIK	2	0.67108	0.66882	0.999995	702	0	0.094993	0.58921	0.58699	0.999441	643	1	0.094993
HMGCLL1	5	0.67156	0.746	0.999995	703	1	0.2673	0.59627	0.7347	0.999441	647	2	0.2673
SKINT7	4	0.67157	0.70088	0.999995	704	1	-0.0061622	0.72437	0.74554	0.999441	705	1	-0.0061622
PTGES	5	0.6729	0.74657	0.999995	705	1	-0.057472	0.51945	0.66952	0.999441	582	2	-0.057472
CPSF7	5	0.67334	0.74679	0.999995	706	1	0.27734	0.51661	0.66701	0.999441	580	2	0.27734
CYP2AB1	5	0.67468	0.74751	0.999995	707	1	0.030206	0.56282	0.70578	0.999441	619	2	0.030206
FAM100A	5	0.67556	0.74777	0.999995	708	1	0.17257	0.85747	0.86182	0.999441	796	1	0.17257
RPL36A	4	0.67795	0.70492	0.999995	709	1	2.762	0.0031879	0.011688	0.309927	37	3	2.762
TTC33	5	0.67909	0.74965	0.999995	710	1	0.7715	0.13448	0.28055	0.999441	263	3	0.7715
FOXJ2	5	0.67953	0.74986	0.999995	711	1	0.17014	0.87835	0.87977	0.999441	818	1	0.17014
DCAF5	5	0.68432	0.75225	0.999995	712	1	0.19942	0.78065	0.81248	0.999441	734	1	0.19942
DNAJB5	5	0.68605	0.7529	0.999995	713	1	0.6084	0.18956	0.36065	0.999441	322	3	0.6084
OLFR1188	5	0.69161	0.7552	0.999995	714	1	0.059321	0.54877	0.69398	0.999441	602	1	0.059321
SCAF11	5	0.69204	0.75529	0.999995	715	1	0.48955	0.19782	0.37275	0.999441	329	3	0.48955
GADD45GIP1	5	0.69288	0.75565	0.999995	716	1	1.116	0.037718	0.10981	0.89082	114	3	1.116
SCAND1	5	0.69415	0.75623	0.999995	717	1	0.75514	0.037795	0.10997	0.89082	115	4	0.75514
SLC6A5	5	0.69584	0.75694	0.999995	718	1	1.4363	0.051531	0.1445	0.966987	139	4	1.4363
LMO4	3	0.69761	0.69919	0.999995	719	1	0.34968	0.30145	0.43732	0.999441	427	2	0.34968
GM8994	3	0.69879	0.70046	0.999995	720	1	0.9359	0.13834	0.23603	0.999441	271	2	0.9359
SOX2	5	0.69918	0.75866	0.999995	721	1	1.4451	0.0093436	0.033995	0.555334	60	3	1.4451
MPP7	5	0.70022	0.75914	0.999995	722	1	0.065326	0.21278	0.39361	0.999441	343	2	0.065326
GRIN2B	5	0.70126	0.75949	0.999995	723	1	-0.17975	0.75599	0.79981	0.999441	722	1	-0.17975
H2-M5	5	0.70559	0.76179	0.999995	724	1	0.073733	0.15494	0.311	0.999441	291	2	0.073733
PDCD4	5	0.7062	0.76216	0.999995	725	1	-0.1946	0.94033	0.94121	0.999441	906	0	-0.1946
MAPK4	5	0.71148	0.76483	0.999995	726	1	0.52707	0.075105	0.19	0.999441	185	3	0.52707
SPSB2	5	0.71228	0.76515	0.999995	727	1	0.051941	0.30889	0.49757	0.999441	434	2	0.051941
OLFR1318	3	0.71663	0.71829	0.999995	728	1	-0.24076	0.73456	0.7357	0.999441	711	1	-0.24076
OSGIN2	5	0.71668	0.76715	0.999995	729	1	0.14401	0.43161	0.59693	0.999441	516	2	0.14401
LIME1	5	0.71727	0.76744	0.999995	730	1	0.81052	0.061866	0.16814	0.966987	162	4	0.81052
OPRK1	5	0.72062	0.76907	0.999995	731	1	0.50152	0.16603	0.3274	0.999441	305	3	0.50152
OGN	2	0.72146	0.71947	0.999995	732	0	-0.01896	0.73631	0.73387	0.999441	713	0	-0.01896
ABHD3	5	0.72297	0.77015	0.999995	733	1	0.41446	0.15236	0.30732	0.999441	287	3	0.41446
TMEM136	5	0.7253	0.7713	0.999995	734	1	-0.15612	0.81766	0.83412	0.999441	763	1	-0.15612
CKAP2L	5	0.72647	0.77187	0.999995	735	1	0.014827	0.79697	0.8215	0.999441	746	1	0.014827
BHMT2	5	0.72724	0.77226	0.999995	736	1	0.28218	0.34576	0.52783	0.999441	457	2	0.28218
LYPD3	5	0.72916	0.77337	0.999995	737	1	0.39776	0.15086	0.3052	0.999441	284	2	0.39776
VMN2R51	4	0.72996	0.74151	0.999995	738	1	0.98639	0.0086843	0.029678	0.511693	58	3	0.98639
FAM55D	5	0.73334	0.77562	0.999995	739	1	-0.13367	0.60585	0.7396	0.999441	655	1	-0.13367
1500002O20RIK	4	0.73483	0.74534	0.999995	740	1	0.70534	0.11289	0.23776	0.999441	233	2	0.70534
INMT	4	0.73659	0.74662	0.999995	741	1	-0.12202	0.90973	0.9084	0.999441	861	0	-0.12202
PXMP4	5	0.73711	0.77766	0.999995	742	1	0.26371	0.021475	0.067787	0.775743	82	2	0.26371
FAM84B	5	0.7386	0.77851	0.999995	743	1	-0.11254	0.32807	0.51346	0.999441	447	2	-0.11254
HTR1F	5	0.73971	0.77913	0.999995	744	1	0.18438	0.53701	0.68415	0.999441	595	2	0.18438
CRCT1	1	0.73982	0.7413	0.999995	745	0	0.85435	0.26018	0.26038	0.999441	394	1	0.85435
SP9	5	0.74248	0.78057	0.999995	746	1	0.11508	0.56074	0.70411	0.999441	618	1	0.11508
CETN2	4	0.74341	0.75186	0.999995	747	1	-0.22456	0.89957	0.89861	0.999441	845	0	-0.22456
UBXN7	5	0.7456	0.7824	0.999995	748	1	-0.28541	0.39755	0.56941	0.999441	492	2	-0.28541
NKX2-1	5	0.75012	0.78472	0.999995	749	1	0.25837	0.41478	0.58373	0.999441	507	1	0.25837
OLFR212	5	0.75012	0.78472	0.999995	750	1	0.086925	0.53507	0.68232	0.999441	594	2	0.086925
SHISA9	5	0.75404	0.7871	0.999995	751	1	-0.18811	0.8308	0.84273	0.999441	772	1	-0.18811
MTERFD1	5	0.75457	0.78737	0.999995	752	1	0.96113	0.02497	0.077015	0.80244	93	4	0.96113
COL4A1	5	0.75493	0.7876	0.999995	753	1	1.7009	0.020766	0.065995	0.775743	80	4	1.7009
HADH	3	0.76102	0.7622	0.999995	754	0	-0.29081	0.44737	0.51816	0.999441	527	1	-0.29081
CD3D	5	0.76157	0.7917	0.999995	755	1	0.16467	0.23939	0.43092	0.999441	367	2	0.16467
SPRN	5	0.7633	0.79276	0.999995	756	1	0.90125	0.029658	0.089282	0.875315	100	4	0.90125
AU022252	4	0.76412	0.76891	0.999995	757	1	0.51267	0.13705	0.27945	0.999441	268	3	0.51267
LEO1	5	0.76638	0.7944	0.999995	758	1	0.021746	0.3843	0.55936	0.999441	483	2	0.021746
TTYH3	5	0.7674	0.79515	0.999995	759	1	-0.28943	0.73579	0.78997	0.999441	712	1	-0.28943
CRISPLD2	5	0.7701	0.79665	0.999995	760	1	-0.1003	0.94291	0.94338	0.999441	910	0	-0.1003
LRRIQ1	5	0.77674	0.80067	0.999995	761	1	0.099626	0.58682	0.72641	0.999441	641	2	0.099626
ANKMY1	5	0.77886	0.80172	0.999995	762	1	0.361	0.25081	0.4463	0.999441	387	3	0.361
OLFR414	5	0.78	0.80244	0.999995	763	1	0.6004	0.047362	0.13418	0.966987	133	4	0.6004
VPS18	5	0.78	0.80244	0.999995	764	1	0.19668	0.17935	0.34586	0.999441	315	2	0.19668
VPS26A	5	0.78065	0.80274	0.999995	765	1	-0.038532	0.90461	0.90435	0.999441	851	0	-0.038532
GM5531	4	0.78243	0.7846	0.999995	766	1	0.16796	0.86776	0.86797	0.999441	807	0	0.16796
SLC25A10	5	0.78546	0.80583	0.999995	767	1	0.38076	0.24838	0.44308	0.999441	385	3	0.38076
CSMD3	5	0.78578	0.80608	0.999995	768	1	0.047064	0.13911	0.28771	0.999441	274	2	0.047064
VMN1R57	1	0.78621	0.78813	0.999995	769	0	1.0233	0.21379	0.21334	0.999441	344	1	1.0233
NME6	5	0.78641	0.80644	0.999995	770	1	2.1589	0.0031116	0.013342	0.33354	36	4	2.1589
GALNT4	5	0.79018	0.80888	0.999995	771	1	-0.0091025	0.13964	0.2885	0.999441	276	2	-0.0091025
DIO3	5	0.79421	0.81133	0.999995	772	1	-0.24377	0.31481	0.50252	0.999441	437	2	-0.24377
GEN1	5	0.79483	0.81168	0.999995	773	1	0.62348	0.10554	0.23768	0.999441	223	3	0.62348
U2AF1L4	5	0.79513	0.81189	0.999995	774	1	1.3043	0.0041414	0.017302	0.37613	42	4	1.3043
CACNG3	5	0.79788	0.81355	0.999995	775	1	0.17148	0.098267	0.22718	0.999441	211	1	0.17148
USP9X	5	0.79893	0.81425	0.999995	776	1	0.1182	0.071962	0.18502	0.99452	179	2	0.1182
MAOB	5	0.79984	0.81485	0.999995	777	1	0.27158	0.091655	0.21663	0.999441	202	2	0.27158
UTS2	3	0.79985	0.80077	0.999995	778	0	0.20275	0.68113	0.68579	0.999441	686	1	0.20275
HTATIP2	5	0.80119	0.81562	0.999995	779	1	-0.043042	0.93291	0.93355	0.999441	894	0	-0.043042
PTPRK	5	0.80149	0.81583	0.999995	780	1	0.30463	0.58496	0.7249	0.999441	637	2	0.30463
CAMK2N2	4	0.80225	0.8024	0.999995	781	1	0.35626	0.37655	0.5217	0.999441	476	2	0.35626
ITGB7	5	0.80268	0.81656	0.999995	782	1	1.4606	0.052359	0.14656	0.966987	142	3	1.4606
KCNJ4	5	0.80357	0.81716	0.999995	783	1	-0.14987	0.60482	0.73909	0.999441	653	1	-0.14987
RAD17	5	0.80622	0.81916	0.999995	784	1	1.1461	0.0075128	0.029074	0.510075	53	4	1.1461
GM13178	5	0.80724	0.81981	0.999995	785	1	0.32494	0.16111	0.32	0.999441	299	3	0.32494
MTR	5	0.80724	0.81981	0.999995	786	1	0.25225	0.46245	0.6212	0.999441	536	2	0.25225
NEU1	5	0.80942	0.82153	0.999995	787	1	0.4403	0.1994	0.37511	0.999441	331	3	0.4403
SLC17A7	5	0.81086	0.82253	0.999995	788	1	1.8262	0.0088609	0.032649	0.544142	59	4	1.8262
DOCK4	5	0.8123	0.82366	0.999995	789	1	0.35239	0.11123	0.24617	0.999441	232	3	0.35239
GPR19	4	0.81326	0.81363	0.999995	790	1	-0.26797	0.36362	0.509	0.999441	469	1	-0.26797
UROS	5	0.81457	0.82516	0.999995	791	1	0.62071	0.17545	0.34033	0.999441	312	3	0.62071
EFNA5	5	0.81514	0.82551	0.999995	792	1	0.12403	0.1137	0.24965	0.999441	236	2	0.12403
RAPGEF5	4	0.81804	0.81871	0.999995	793	0	0.52268	0.20718	0.35211	0.999441	339	2	0.52268
RBM45	5	0.81822	0.82767	0.999995	794	1	0.20247	0.40494	0.57527	0.999441	500	2	0.20247
YPEL2	3	0.82066	0.82115	0.999995	795	0	0.96105	0.10764	0.19692	0.999441	226	2	0.96105
TRIML2	5	0.82071	0.82963	0.999995	796	1	0.204	0.47655	0.63344	0.999441	544	2	0.204
CPXM1	5	0.82208	0.83073	0.999995	797	1	0.21005	0.26464	0.46246	0.999441	396	2	0.21005
LSM4	4	0.82213	0.82265	0.999995	798	0	1.6479	0.012149	0.04048	0.613336	66	3	1.6479
MRPL24	5	0.82249	0.83106	0.999995	799	1	0.03347	0.38658	0.56105	0.999441	485	1	0.03347
SEP-04	5	0.8229	0.83136	0.999995	800	1	0.3333	0.24494	0.4383	0.999441	382	3	0.3333
ACBD3	5	0.82372	0.83209	0.999995	801	1	-0.03185	0.20917	0.38872	0.999441	340	2	-0.03185
GLTSCR2	3	0.82376	0.82457	0.999995	802	0	4.1866	0.00080244	0.0022525	0.132499	20	2	4.1866
ZMIZ1	5	0.82399	0.83231	0.999995	803	1	1.5397	0.034195	0.10091	0.89082	106	4	1.5397
SGPL1	5	0.82696	0.83448	0.999995	804	1	0.46796	0.14561	0.29709	0.999441	281	3	0.46796
CLIP1	5	0.82736	0.83477	0.999995	805	1	-0.137	0.29294	0.48491	0.999441	419	1	-0.137
IKZF4	5	0.82816	0.83537	0.999995	806	1	0.58492	0.12023	0.25907	0.999441	244	3	0.58492
SH3PXD2B	5	0.83107	0.83721	0.999995	807	1	0.43593	0.09516	0.22246	0.999441	207	3	0.43593
KLK1B26	4	0.8324	0.83264	0.999995	808	0	0.62195	0.12249	0.25443	0.999441	246	2	0.62195
GM949	4	0.83758	0.8378	0.999995	809	0	0.64293	0.17243	0.31791	0.999441	309	2	0.64293
NR2C2AP	4	0.83825	0.83844	0.999995	810	0	0.93358	0.041625	0.10589	0.89082	126	3	0.93358
NPW	5	0.83829	0.84287	0.999995	811	1	1.2001	0.09177	0.21678	0.999441	204	3	1.2001
POU2F1	5	0.8388	0.84318	0.999995	812	1	0.39683	0.24137	0.43359	0.999441	370	2	0.39683
OLFR299	1	0.84067	0.84153	0.999995	813	0	1.095	0.15933	0.15901	0.966987	295	1	1.095
GM5538	5	0.84106	0.84492	0.999995	814	1	0.53138	0.0377	0.10975	0.89082	113	4	0.53138
CD164L2	4	0.84134	0.84165	0.999995	815	0	-0.015828	0.58606	0.66679	0.999441	638	1	-0.015828
RECQL5	5	0.84317	0.84679	0.999995	816	1	0.71147	0.10027	0.23012	0.999441	213	3	0.71147
EPHA10	5	0.84514	0.84837	0.999995	817	1	0.70408	0.053339	0.14907	0.966987	144	3	0.70408
A4GALT	5	0.84563	0.84882	0.999995	818	1	0.33465	0.25778	0.45636	0.999441	392	3	0.33465
LAMP1	5	0.84588	0.849	0.999995	819	1	1.1213	0.025148	0.077411	0.80244	94	4	1.1213
SEMA3F	5	0.84902	0.8515	0.999995	820	1	-0.11254	0.78972	0.81769	0.999441	738	1	-0.11254
KRR1	5	0.8495	0.85189	0.999995	821	1	1.0342	0.0095605	0.034431	0.555334	61	4	1.0342
PCDH7	5	0.85022	0.85244	0.999995	822	1	0.076058	0.26062	0.45913	0.999441	395	2	0.076058
SPEER4B	2	0.85094	0.849	0.999995	823	0	0.65647	0.44003	0.45078	0.999441	523	1	0.65647
ALOX8	5	0.85117	0.8532	0.999995	824	1	0.56049	0.16357	0.32385	0.999441	301	3	0.56049
HIST1H2AA	5	0.85176	0.8538	0.999995	825	1	0.27491	0.34296	0.52545	0.999441	454	2	0.27491
TOP2A	5	0.85235	0.85437	0.999995	826	1	3.3581	0.00051393	0.0022327	0.132499	16	3	3.3581
HIST1H2BA	4	0.85511	0.85534	0.999995	827	0	-0.0086357	0.91186	0.9106	0.999441	864	0	-0.0086357
MCM3	5	0.85632	0.85772	0.999995	828	1	3.3897	0.00049251	0.0021238	0.132499	15	4	3.3897
YPEL5	4	0.85855	0.85867	0.999995	829	0	-0.032004	0.67534	0.71429	0.999441	680	1	-0.032004
EFNB3	5	0.85952	0.86071	0.999995	830	1	1.2993	0.038947	0.11283	0.89082	116	4	1.2993
SCGB3A2	4	0.86035	0.86034	0.999995	831	0	-0.1434	0.74216	0.75756	0.999441	715	1	-0.1434
CH25H	5	0.86684	0.86737	0.999995	832	1	-0.11058	0.31641	0.5038	0.999441	439	2	-0.11058
TBK1	5	0.86705	0.86752	0.999995	833	1	0.79429	0.039336	0.1138	0.89082	119	4	0.79429
B4GALNT3	5	0.86899	0.86941	0.999995	834	1	-0.0038259	0.8841	0.88466	0.999441	825	1	-0.0038259
FREM1	5	0.86963	0.87	0.999995	835	1	0.22297	0.31003	0.49866	0.999441	435	2	0.22297
PITPNM1	5	0.87027	0.87052	0.999995	836	1	0.86508	0.04443	0.12674	0.960134	130	4	0.86508
2010109A12RIK	2	0.87122	0.87004	0.999995	837	0	0.496	0.12878	0.21454	0.999441	256	2	0.496
ACAA1A	5	0.87175	0.87199	0.999995	838	1	0.56683	0.066882	0.17691	0.982347	171	3	0.56683
TFAP4	5	0.87196	0.87223	0.999995	839	1	0.083729	0.72121	0.78324	0.999441	704	1	0.083729
TTF2	5	0.87312	0.87335	0.999995	840	1	0.62518	0.088251	0.21091	0.999441	194	3	0.62518
BCR	5	0.87405	0.87436	0.999995	841	1	0.68454	0.16487	0.32546	0.999441	304	3	0.68454
NIP7	5	0.8755	0.8759	0.999995	842	1	2.6864	0.00031559	0.0013812	0.125563	11	4	2.6864
ZBTB39	5	0.87622	0.87667	0.999995	843	1	0.8169	0.070917	0.18334	0.99452	177	3	0.8169
IFT46	5	0.87673	0.87722	0.999995	844	1	0.12379	0.54945	0.69458	0.999441	604	2	0.12379
SSH1	5	0.87795	0.8784	0.999995	845	1	0.2711	0.30843	0.49715	0.999441	433	2	0.2711
PPFIA1	5	0.87856	0.87904	0.999995	846	1	-0.26271	0.24375	0.43688	0.999441	377	1	-0.26271
CARF	5	0.87896	0.87941	0.999995	847	0	0.73992	0.10635	0.23899	0.999441	224	3	0.73992
HDAC10	5	0.87956	0.87996	0.999995	848	0	0.76065	0.059677	0.16333	0.966987	155	3	0.76065
4933408B17RIK	5	0.88076	0.88101	0.999995	849	0	0.54593	0.13979	0.28878	0.999441	277	3	0.54593
ARIH1	5	0.88096	0.88125	0.999995	850	0	1.4062	0.015715	0.052114	0.6967	71	4	1.4062
G630090E17RIK	5	0.88244	0.88263	0.999995	851	0	0.19326	0.12982	0.27361	0.999441	258	2	0.19326
PRMT5	5	0.88312	0.88333	0.999995	852	0	1.3487	0.00098396	0.0042327	0.183375	23	3	1.3487
PPP1R3D	4	0.8844	0.88432	0.999995	853	0	0.15695	0.24218	0.38729	0.999441	374	1	0.15695
MCMBP	4	0.88517	0.88513	0.999995	854	0	2.592	0.00048438	0.0019554	0.132499	14	3	2.592
NRIP3	5	0.88821	0.88813	0.999995	855	0	-0.07253	0.70864	0.7779	0.999441	698	1	-0.07253
OLFR1086	5	0.88925	0.88897	0.999995	856	0	-0.22841	0.96208	0.96253	0.999441	938	0	-0.22841
DNM1	5	0.88981	0.88953	0.999995	857	0	-0.11894	0.5777	0.71865	0.999441	631	2	-0.11894
GSTM3	5	0.89018	0.88992	0.999995	858	0	0.24297	0.21551	0.39738	0.999441	347	2	0.24297
A730011L01RIK	5	0.89092	0.89065	0.999995	859	0	0.04068	0.89111	0.89097	0.999441	833	1	0.04068
GPR35	5	0.89194	0.89172	0.999995	860	0	0.63123	0.13344	0.27885	0.999441	262	3	0.63123
OLFR597	4	0.89255	0.89208	0.999995	861	0	0.35376	0.13541	0.27676	0.999441	265	3	0.35376
ACE	5	0.89358	0.89339	0.999995	862	0	0.16194	0.63713	0.75024	0.999441	665	1	0.16194
CENPJ	5	0.89421	0.89393	0.999995	863	0	0.10929	0.52402	0.67343	0.999441	589	2	0.10929
SIX5	5	0.89529	0.89501	0.999995	864	0	0.30295	0.40219	0.57288	0.999441	498	2	0.30295
VMN1R89	5	0.89556	0.89521	0.999995	865	0	0.12269	0.48305	0.63867	0.999441	553	2	0.12269
ZFP192	4	0.89682	0.89598	0.999995	866	0	0.018056	0.5489	0.64831	0.999441	603	1	0.018056
2900026A02RIK	5	0.89716	0.89679	0.999995	867	0	2.3277	0.0060523	0.024431	0.460956	48	3	2.3277
VWA5A	5	0.89795	0.89747	0.999995	868	0	-0.03228	0.49637	0.65004	0.999441	565	2	-0.03228
ETV1	2	0.89977	0.89867	0.999995	869	0	0.48426	0.10023	0.17212	0.966987	212	2	0.48426
TADA2A	5	0.90209	0.90177	0.999995	870	0	0.8559	0.053617	0.1498	0.966987	147	4	0.8559
CUL2	5	0.90461	0.90435	0.999995	871	0	0.91318	0.034756	0.10216	0.89082	107	3	0.91318
PFKM	5	0.90643	0.90617	0.999995	872	0	0.56661	0.10841	0.24206	0.999441	230	3	0.56661
BIRC6	5	0.90692	0.90664	0.999995	873	0	-0.079102	0.41122	0.58066	0.999441	503	1	-0.079102
DCTN3	4	0.90865	0.90742	0.999995	874	0	1.1906	0.072853	0.16511	0.966987	183	3	1.1906
NKX2-9	5	0.91061	0.91077	0.999995	875	0	-0.02515	0.36036	0.54003	0.999441	467	2	-0.02515
WDR62	5	0.91061	0.91077	0.999995	876	0	0.19195	0.8839	0.88454	0.999441	824	1	0.19195
ICMT	5	0.91061	0.91077	0.999995	877	0	0.24764	0.11696	0.25436	0.999441	239	2	0.24764
OLFR53	3	0.91168	0.91174	0.999995	878	0	0.25825	0.11699	0.20874	0.999441	240	1	0.25825
IKBKAP	5	0.91554	0.91612	0.999995	879	0	1.3925	0.0063191	0.02546	0.471489	49	4	1.3925
METTL10	5	0.91719	0.91781	0.999995	880	0	-0.14301	0.15826	0.31546	0.999441	293	2	-0.14301
NUDT18	5	0.91748	0.91814	0.999995	881	0	0.34197	0.29004	0.48271	0.999441	415	2	0.34197
RALGPS1	5	0.91807	0.91876	0.999995	882	0	0.19959	0.86963	0.87199	0.999441	812	1	0.19959
MRC2	5	0.91997	0.9205	0.999995	883	0	1.305	0.017461	0.056856	0.719702	75	3	1.305
BCAP29	3	0.92009	0.92003	0.999995	884	0	0.19066	0.70025	0.70365	0.999441	694	1	0.19066
SUV420H2	5	0.92011	0.92067	0.999995	885	0	0.37416	0.23641	0.42675	0.999441	365	3	0.37416
MRPL21	5	0.92026	0.92079	0.999995	886	0	0.64655	0.045609	0.12942	0.966987	131	4	0.64655
KCTD3	5	0.92083	0.92135	0.999995	887	0	-0.11352	0.29707	0.48789	0.999441	423	2	-0.11352
STK30	5	0.92126	0.92178	0.999995	888	0	-0.012383	0.50697	0.65897	0.999441	571	1	-0.012383
TMEM45A	5	0.92296	0.92341	0.999995	889	0	0.040551	0.63275	0.74855	0.999441	663	1	0.040551
OTOF	5	0.92338	0.92376	0.999995	890	0	0.78956	0.096467	0.22437	0.999441	209	3	0.78956
MTIF2	5	0.92352	0.92388	0.999995	891	0	1.7893	0.013015	0.04446	0.644354	69	3	1.7893
TMEM42	5	0.92366	0.92403	0.999995	892	0	0.37034	0.22933	0.41715	0.999441	358	3	0.37034
THRAP3	5	0.9249	0.92545	0.999995	893	0	1.4606	0.052359	0.14656	0.966987	143	3	1.4606
TMEM101	5	0.92517	0.92576	0.999995	894	0	0.22214	0.48082	0.63689	0.999441	550	2	0.22214
SETX	5	0.92599	0.92658	0.999995	895	0	0.52576	0.15629	0.31284	0.999441	292	3	0.52576
BASP1	5	0.92626	0.92679	0.999995	896	0	2.4542	0.0054749	0.022401	0.447389	46	3	2.4542
NKX1-2	5	0.92687	0.92737	0.999995	897	0	0.92256	0.1005	0.23041	0.999441	214	3	0.92256
PCDHB7	5	0.9276	0.92807	0.999995	898	0	0.2636	0.83689	0.84671	0.999441	778	1	0.2636
MRPS18A	5	0.93023	0.93062	0.999995	899	0	1.645	0.017795	0.057817	0.72271	76	3	1.645
SERPINA3I	3	0.93051	0.93007	0.999995	900	0	0.254	0.47802	0.53611	0.999441	547	1	0.254
CYP2J6	5	0.93075	0.93119	0.999995	901	0	0.47869	0.091655	0.21663	0.999441	203	3	0.47869
SMARCB1	5	0.93088	0.93134	0.999995	902	0	0.34376	0.2727	0.46855	0.999441	404	2	0.34376
MSLNL	3	0.93106	0.93057	0.999995	903	0	0.4733	0.68235	0.68688	0.999441	687	1	0.4733
USP54	5	0.93177	0.93244	0.999995	904	0	0.16645	0.18553	0.3549	0.999441	318	2	0.16645
FAM188A	5	0.93228	0.93294	0.999995	905	0	0.24467	0.12096	0.26009	0.999441	245	2	0.24467
DSTYK	5	0.93278	0.93347	0.999995	906	0	0.58159	0.12621	0.26823	0.999441	251	3	0.58159
RXRA	5	0.93428	0.93489	0.999995	907	0	-0.1624	0.25351	0.45045	0.999441	389	2	-0.1624
SAP30BP	5	0.93538	0.93616	0.999995	908	0	0.62324	0.061202	0.16673	0.966987	159	4	0.62324
TAC4	4	0.93602	0.93523	0.999995	909	0	0.33282	0.20029	0.34587	0.999441	332	2	0.33282
FSCN1	5	0.93635	0.93711	0.999995	910	0	0.48082	0.23067	0.41891	0.999441	360	3	0.48082
METTL7A2	4	0.9364	0.93552	0.999995	911	0	0.45446	0.15283	0.29796	0.999441	289	2	0.45446
GGT5	5	0.93647	0.93723	0.999995	912	0	0.012797	0.33494	0.51874	0.999441	452	2	0.012797
PSMC3IP	5	0.9386	0.93942	0.999995	913	0	-0.089953	0.062626	0.17004	0.966987	165	1	-0.089953
MTAP7	5	0.93906	0.9399	0.999995	914	0	0.43402	0.20193	0.37859	0.999441	335	3	0.43402
UBA1	5	0.93987	0.94082	0.999995	915	0	5.0537	1.4174e-06	4.9505e-06	0.00165	3	4	5.0537
OTP	5	0.94056	0.94142	0.999995	916	0	0.84294	0.059436	0.16292	0.966987	154	4	0.84294
CCNB1	4	0.94205	0.94109	0.999995	917	0	0.64676	0.071455	0.16264	0.966987	178	3	0.64676
PRL2C3	2	0.94358	0.94281	0.999995	918	0	0.98766	0.05642	0.099916	0.89082	150	2	0.98766
COQ2	5	0.94498	0.94537	0.999995	919	0	0.40525	0.154	0.30978	0.999441	290	2	0.40525
HTR5B	5	0.94583	0.94608	0.999995	920	0	0.30385	0.35926	0.53899	0.999441	466	2	0.30385
6330409D20RIK	4	0.94765	0.94689	0.999995	921	0	0.59835	0.07285	0.1651	0.966987	182	3	0.59835
SEC61B	1	0.94805	0.94827	0.999995	922	0	2.8193	0.051949	0.052252	0.6967	140	1	2.8193
LMLN	5	0.94882	0.94901	0.999995	923	0	1.3283	0.005176	0.021203	0.441729	44	4	1.3283
PRKCDBP	5	0.94943	0.94971	0.999995	924	0	0.91331	0.054223	0.15095	0.966987	148	4	0.91331
ACAD10	5	0.95002	0.95011	0.999995	925	0	0.19646	0.17893	0.34532	0.999441	314	2	0.19646
GPR162	5	0.95067	0.95084	0.999995	926	0	0.44715	0.21414	0.39541	0.999441	345	3	0.44715
CLTA	5	0.95217	0.95233	0.999995	927	0	0.40525	0.057857	0.1593	0.966987	152	2	0.40525
AR	5	0.95226	0.95238	0.999995	928	0	0.31104	0.24375	0.43688	0.999441	379	2	0.31104
EIF3H	5	0.9546	0.95515	0.999995	929	0	2.1999	0.0018082	0.0077376	0.247675	29	4	2.1999
COQ4	5	0.95738	0.95785	0.999995	930	0	3.3536	0.00036214	0.0015495	0.129125	12	3	3.3536
FOXC1	5	0.95773	0.95818	0.999995	931	0	1.2001	0.087055	0.20896	0.999441	193	3	1.2001
4833420G17RIK	5	0.95964	0.96003	0.999995	932	0	1.1734	0.072235	0.1855	0.99452	180	3	1.1734
CHKA	5	0.96001	0.96039	0.999995	933	0	1.0905	0.010223	0.03653	0.574954	62	4	1.0905
MLLT6	5	0.96116	0.9616	0.999995	934	0	1.0761	0.11337	0.24918	0.999441	235	3	1.0761
FAM43A	5	0.96204	0.96249	0.999995	935	0	1.3113	0.039149	0.11334	0.89082	117	3	1.3113
WBSCR17	5	0.96365	0.9638	0.999995	936	0	0.4349	0.24614	0.43997	0.999441	384	3	0.4349
HOXA11	5	0.96414	0.96443	0.999995	937	0	0.25306	0.28462	0.4782	0.999441	410	2	0.25306
SAMD9L	5	0.96497	0.96539	0.999995	938	0	0.25204	0.26698	0.4643	0.999441	400	2	0.25204
GLRA3	5	0.96658	0.96691	0.999995	939	0	0.53536	0.061335	0.167	0.966987	160	4	0.53536
PWWP2A	5	0.96705	0.96746	0.999995	940	0	0.84245	0.17367	0.338	0.999441	310	3	0.84245
NUP155	5	0.96758	0.96793	0.999995	941	0	2.6518	0.0010296	0.004401	0.183375	24	4	2.6518
NPLOC4	5	0.96782	0.96807	0.999995	942	0	1.0764	0.010337	0.036797	0.574954	63	4	1.0764
6330512M04RIK	5	0.96855	0.96874	0.999995	943	0	0.024143	0.50388	0.65641	0.999441	569	2	0.024143
PAPOLA	5	0.96882	0.96903	0.999995	944	0	0.65847	0.089522	0.21303	0.999441	196	3	0.65847
DCPS	5	0.97058	0.97068	0.999995	945	0	0.62191	0.13527	0.28159	0.999441	264	3	0.62191
SFRP2	5	0.97144	0.97141	0.999995	946	0	0.13837	0.79788	0.82211	0.999441	748	1	0.13837
CAR11	5	0.97317	0.97303	0.999995	947	0	2.7895	0.0023686	0.010163	0.287541	33	3	2.7895
OLFR1361	5	0.97377	0.9736	0.999995	948	0	0.33368	0.21971	0.40352	0.999441	352	3	0.33368
TRIM24	5	0.97401	0.97385	0.999995	949	0	0.73665	0.090375	0.21452	0.999441	200	3	0.73665
PSMB3	2	0.97517	0.97434	0.999995	950	0	1.2814	0.024835	0.045777	0.64726	92	2	1.2814
ZFP28	5	0.97522	0.97503	0.999995	951	0	0.42729	0.039826	0.11492	0.89082	123	4	0.42729
PIF1	5	0.97687	0.97657	0.999995	952	0	1.7665	0.016338	0.053876	0.698464	73	4	1.7665
NCS1	4	0.97758	0.97806	0.999995	953	0	1.2787	0.022228	0.066173	0.775743	87	3	1.2787
ZWILCH	5	0.97817	0.97782	0.999995	954	0	0.38013	0.16771	0.32988	0.999441	307	3	0.38013
RNF40	5	0.97835	0.97799	0.999995	955	0	1.3959	0.024092	0.074787	0.795608	91	4	1.3959
TAF1D	3	0.97861	0.97856	0.999995	956	0	2.0932	0.021394	0.05448	0.698464	81	3	2.0932
CDCA3	5	0.97863	0.97824	0.999995	957	0	0.87108	0.020641	0.06553	0.775743	79	4	0.87108
DPH2	5	0.98021	0.97984	0.999995	958	0	1.0687	0.059891	0.16381	0.966987	156	4	1.0687
TEAD2	4	0.98032	0.98073	0.999995	959	0	0.48839	0.12413	0.25721	0.999441	249	3	0.48839
ADAM23	5	0.98063	0.98028	0.999995	960	0	0.85651	0.030427	0.091431	0.879141	101	4	0.85651
UBE2T	3	0.98117	0.98112	0.999995	961	0	3.2284	0.0039192	0.010351	0.287541	39	3	3.2284
NUCB1	4	0.98127	0.98178	0.999995	962	0	0.4443	0.12703	0.26205	0.999441	252	3	0.4443
HELQ	5	0.98192	0.98169	0.999995	963	0	0.56342	0.052181	0.14611	0.966987	141	4	0.56342
MKRN1	5	0.98452	0.98446	0.999995	964	0	2.1924	0.0012276	0.0053812	0.203337	25	4	2.1924
ZFP217	5	0.98637	0.98623	0.999995	965	0	0.81541	0.026867	0.081946	0.827733	98	4	0.81541
HIST1H2BF	1	0.98802	0.98806	0.999995	966	0	4.4791	0.01198	0.011777	0.309927	65	1	4.4791
POLA2	5	0.98862	0.98856	0.999995	967	0	0.77739	0.022172	0.069728	0.775743	84	4	0.77739
GLT8D2	5	0.98871	0.98864	0.999995	968	0	0.56013	0.048424	0.13681	0.966987	135	4	0.56013
NPPC	5	0.98945	0.98931	0.999995	969	0	0.96267	0.068138	0.17879	0.982347	174	3	0.96267
ELP2	5	0.98981	0.98953	0.999995	970	0	1.3201	0.012947	0.044302	0.644354	68	3	1.3201
PALM	5	0.99142	0.99086	0.999995	971	0	0.91007	0.022074	0.06946	0.775743	83	4	0.91007
GEMIN6	2	0.99189	0.99147	0.999995	972	0	2.1705	0.0081122	0.015975	0.371517	56	2	2.1705
RPS4X	1	0.99249	0.99248	0.999995	973	0	4.7948	0.0075147	0.0071535	0.238449	54	1	4.7948
CPSF1	4	0.99299	0.99327	0.999995	974	0	1.4144	0.0070116	0.024401	0.460956	50	4	1.4144
S100PBP	5	0.99303	0.99277	0.999995	975	0	0.95891	0.046526	0.13183	0.966987	132	4	0.95891
AW551984	5	0.99341	0.99323	0.999995	976	0	0.37827	0.060807	0.16587	0.966987	158	4	0.37827
RELA	5	0.9944	0.99439	0.999995	977	0	0.65784	0.0055985	0.022817	0.447389	47	5	0.65784
ACTR2	5	0.99454	0.99459	0.999995	978	0	0.7691	0.0054622	0.022361	0.447389	45	5	0.7691
MYO1G	5	0.99488	0.99505	0.999995	979	0	1.0024	0.0051171	0.020946	0.441729	43	5	1.0024
PLIN5	5	0.99601	0.9962	0.999995	980	0	1.0621	0.0039913	0.016837	0.37613	40	5	1.0621
MPHOSPH10	5	0.99648	0.99655	0.999995	981	0	1.5504	0.0018955	0.0081139	0.247675	30	5	1.5504
SLC13A2	5	0.99662	0.99668	0.999995	982	0	0.99245	0.0033827	0.01448	0.353176	38	5	0.99245
UROD	5	0.99715	0.99716	0.999995	983	0	2.6215	0.0028508	0.012163	0.311881	35	5	2.6215
VMN1R143	2	0.99744	0.99752	0.999995	984	0	4.1726	0.0025647	0.0052723	0.203337	34	2	4.1726
2610027L16RIK	5	0.99809	0.99814	0.999995	985	0	1.6219	0.0019097	0.0081733	0.247675	31	5	1.6219
PSMD6	5	0.99813	0.99818	0.999995	986	0	4.3464	1.2088e-05	6.4356e-05	0.010726	6	5	4.3464
RABGGTA	5	0.99833	0.99833	0.999995	987	0	2.9225	0.0016377	0.0069653	0.238449	28	5	2.9225
KTI12	5	0.99843	0.99845	0.999995	988	0	2.0286	0.0015726	0.0067475	0.238449	27	5	2.0286
FECH	5	0.99874	0.99879	0.999995	989	0	0.81121	0.0012586	0.0054901	0.203337	26	5	0.81121
BRF1	5	0.99902	0.99908	0.999995	990	0	0.8483	0.0009755	0.0041931	0.183375	22	5	0.8483
NARS2	5	0.99906	0.99913	0.999995	991	0	1.2815	0.00093784	0.0041238	0.183375	21	5	1.2815
SEC24C	5	0.99921	0.99929	0.999995	992	0	1.136	0.00078784	0.0034505	0.172525	19	5	1.136
MRPS7	5	0.99953	0.99955	0.999995	993	0	1.8262	0.0004651	0.0020347	0.132499	13	5	1.8262
VPS13D	5	0.99969	0.99969	0.999995	994	0	2.8448	0.00030765	0.0013515	0.125563	10	5	2.8448
A630055G03RIK	5	0.99974	0.99974	0.999995	995	0	1.8884	0.00026468	0.001203	0.125563	9	5	1.8884
MASTL	4	0.99993	0.99994	0.999995	996	0	4.0571	7.105e-05	0.00019307	0.024134	8	4	4.0571
DDX27	5	0.99998	0.99998	0.999995	997	0	3.7234	1.5245e-05	9.4059e-05	0.013437	7	5	3.7234
ORC6	4	0.99999	1.0	0.999995	998	0	4.3314	1.1185e-05	4.4554e-05	0.008911	5	4	4.3314
PSMB4	5	1.0	1.0	0.999995	999	0	3.4927	2.3108e-06	1.4851e-05	0.003713	4	5	3.4927
HARS	5	1.0	1.0	0.999995	1000	0	4.5082	1.4548e-07	4.9505e-06	0.00165	1	5	4.5082
